0 0.156510 0.035648 0.014063 0.025000
0 0.963281 0.119907 0.014063 0.025000
0 0.848177 0.557870 0.014063 0.025000
0 0.884115 0.035648 0.014063 0.025000
0 0.352865 0.877315 0.014063 0.025000
1 0.673958 0.565741 0.014583 0.025926
1 0.649479 0.511111 0.014583 0.025926
1 0.530208 0.813889 0.014583 0.025926
1 0.279687 0.114815 0.014583 0.025926
1 0.691146 0.091667 0.014583 0.025926
1 0.453646 0.063889 0.014583 0.025926
1 0.382812 0.127778 0.014583 0.025926
1 0.336458 0.689815 0.014583 0.025926
1 0.887500 0.558333 0.014583 0.025926
2 0.151823 0.568056 0.015104 0.026852
2 0.819531 0.054167 0.015104 0.026852
2 0.778385 0.709722 0.015104 0.026852
2 0.917969 0.791204 0.015104 0.026852
2 0.554948 0.253241 0.015104 0.026852
2 0.292969 0.889352 0.015104 0.026852
2 0.978385 0.652315 0.015104 0.026852
2 0.086719 0.268056 0.015104 0.026852
2 0.143490 0.257870 0.015104 0.026852
2 0.635677 0.673611 0.015104 0.026852
3 0.338281 0.094907 0.014063 0.025000
3 0.599740 0.279167 0.014063 0.025000
3 0.616406 0.923611 0.014063 0.025000
3 0.439844 0.573611 0.014063 0.025000
3 0.802344 0.981019 0.014063 0.025000
5 0.135937 0.981481 0.013542 0.033333
5 0.973437 0.511111 0.013542 0.033333
5 0.352083 0.603704 0.013542 0.033333
5 0.629687 0.584259 0.013542 0.033333
5 0.082292 0.360185 0.013542 0.033333
6 0.291406 0.692130 0.014063 0.025000
7 0.481771 0.768056 0.013542 0.028704
7 0.260417 0.562500 0.013542 0.028704
7 0.451042 0.230093 0.013542 0.028704
7 0.061458 0.808796 0.013542 0.028704
7 0.223438 0.813426 0.013542 0.028704
7 0.021354 0.643056 0.013542 0.028704
8 0.365625 0.163426 0.012500 0.028704
9 0.519792 0.961111 0.011458 0.027778
9 0.748437 0.344444 0.011458 0.027778
9 0.856771 0.153704 0.011458 0.027778
9 0.406771 0.824074 0.011458 0.027778
9 0.751563 0.189815 0.011458 0.027778
10 0.903646 0.905556 0.011458 0.027778
10 0.158333 0.654630 0.011458 0.027778
11 0.879167 0.840278 0.013542 0.028704
11 0.692708 0.754167 0.013542 0.028704
11 0.339062 0.423611 0.013542 0.028704
12 0.148177 0.727778 0.014063 0.033333
12 0.885156 0.885185 0.014063 0.033333
12 0.586719 0.622222 0.014063 0.033333
12 0.245573 0.559259 0.014063 0.033333
12 0.530469 0.096296 0.014063 0.033333
12 0.835156 0.518519 0.014063 0.033333
