0 0.542448 0.694907 0.014063 0.025000
0 0.968490 0.499537 0.014063 0.025000
0 0.915365 0.093981 0.014063 0.025000
0 0.041927 0.540278 0.014063 0.025000
0 0.244531 0.030093 0.014063 0.025000
0 0.963802 0.037500 0.014063 0.025000
0 0.512240 0.102315 0.014063 0.025000
0 0.219531 0.559722 0.014063 0.025000
0 0.773698 0.384722 0.014063 0.025000
0 0.730990 0.484722 0.014063 0.025000
1 0.473438 0.016667 0.014583 0.025926
1 0.314063 0.728704 0.014583 0.025926
1 0.262500 0.974074 0.014583 0.025926
1 0.895312 0.755556 0.014583 0.025926
1 0.104688 0.398148 0.014583 0.025926
1 0.074479 0.073148 0.014583 0.025926
2 0.092969 0.264352 0.015104 0.026852
3 0.186719 0.022685 0.014063 0.025000
3 0.129427 0.722685 0.014063 0.025000
3 0.664844 0.776389 0.014063 0.025000
4 0.515365 0.163426 0.014063 0.025000
4 0.351823 0.241204 0.014063 0.025000
5 0.658854 0.743519 0.013542 0.033333
5 0.079167 0.461111 0.013542 0.033333
5 0.909375 0.935185 0.013542 0.033333
5 0.676562 0.726852 0.013542 0.033333
5 0.759896 0.494444 0.013542 0.033333
5 0.359896 0.745370 0.013542 0.033333
5 0.212500 0.290741 0.013542 0.033333
5 0.598437 0.105556 0.013542 0.033333
5 0.714063 0.100000 0.013542 0.033333
5 0.475000 0.957407 0.013542 0.033333
6 0.742448 0.932870 0.014063 0.025000
6 0.578385 0.424537 0.014063 0.025000
6 0.552344 0.827315 0.014063 0.025000
6 0.559635 0.934722 0.014063 0.025000
6 0.399219 0.309722 0.014063 0.025000
6 0.158594 0.625463 0.014063 0.025000
6 0.290885 0.286574 0.014063 0.025000
6 0.429427 0.784722 0.014063 0.025000
6 0.640885 0.780093 0.014063 0.025000
7 0.600521 0.934722 0.013542 0.028704
7 0.402083 0.703241 0.013542 0.028704
7 0.293750 0.496759 0.013542 0.028704
7 0.611979 0.778241 0.013542 0.028704
7 0.489063 0.334722 0.013542 0.028704
8 0.262500 0.793981 0.012500 0.028704
8 0.678646 0.590278 0.012500 0.028704
10 0.681250 0.223148 0.011458 0.027778
10 0.797917 0.182407 0.011458 0.027778
10 0.103646 0.156481 0.011458 0.027778
10 0.053646 0.685185 0.011458 0.027778
11 0.109896 0.688426 0.013542 0.028704
11 0.817187 0.547685 0.013542 0.028704
11 0.098958 0.209722 0.013542 0.028704
11 0.584375 0.271759 0.013542 0.028704
11 0.784375 0.204167 0.013542 0.028704
12 0.727344 0.976852 0.014063 0.033333
12 0.972135 0.417593 0.014063 0.033333
12 0.371615 0.700000 0.014063 0.033333
12 0.339844 0.953704 0.014063 0.033333
12 0.946094 0.882407 0.014063 0.033333
12 0.796094 0.484259 0.014063 0.033333
12 0.891927 0.160185 0.014063 0.033333
12 0.600781 0.433333 0.014063 0.033333
12 0.492969 0.179630 0.014063 0.033333
13 0.840104 0.737037 0.013542 0.027778
13 0.118229 0.951852 0.013542 0.027778
13 0.178646 0.095370 0.013542 0.027778
13 0.571354 0.192593 0.013542 0.027778
13 0.186979 0.823148 0.013542 0.027778
