0 0.234115 0.725463 0.014063 0.025000
0 0.693490 0.377315 0.014063 0.025000
0 0.325781 0.731944 0.014063 0.025000
0 0.793490 0.430093 0.014063 0.025000
0 0.934635 0.139352 0.014063 0.025000
0 0.370573 0.156019 0.014063 0.025000
0 0.825781 0.865278 0.014063 0.025000
0 0.315365 0.360648 0.014063 0.025000
0 0.407552 0.694907 0.014063 0.025000
0 0.896615 0.514352 0.014063 0.025000
1 0.694271 0.751852 0.014583 0.025926
1 0.036979 0.834259 0.014583 0.025926
1 0.563542 0.458333 0.014583 0.025926
1 0.816667 0.383333 0.014583 0.025926
1 0.988542 0.070370 0.014583 0.025926
1 0.702604 0.675926 0.014583 0.025926
1 0.557292 0.829630 0.014583 0.025926
1 0.057813 0.352778 0.014583 0.025926
1 0.061979 0.301852 0.014583 0.025926
2 0.509115 0.688426 0.015104 0.026852
2 0.444010 0.766204 0.015104 0.026852
2 0.978385 0.766204 0.015104 0.026852
2 0.725781 0.487500 0.015104 0.026852
2 0.662760 0.611574 0.015104 0.026852
2 0.344531 0.255093 0.015104 0.026852
2 0.664844 0.929167 0.015104 0.026852
3 0.904948 0.835648 0.014063 0.025000
3 0.535156 0.412500 0.014063 0.025000
3 0.533073 0.347685 0.014063 0.025000
3 0.614323 0.924537 0.014063 0.025000
3 0.294531 0.199537 0.014063 0.025000
3 0.224219 0.358796 0.014063 0.025000
4 0.523698 0.233796 0.014063 0.025000
4 0.149219 0.443981 0.014063 0.025000
5 0.942187 0.948148 0.013542 0.033333
5 0.882812 0.645370 0.013542 0.033333
5 0.633854 0.586111 0.013542 0.033333
5 0.373437 0.775926 0.013542 0.033333
5 0.091667 0.503704 0.013542 0.033333
5 0.437500 0.257407 0.013542 0.033333
5 0.647917 0.522222 0.013542 0.033333
5 0.275521 0.381481 0.013542 0.033333
5 0.705729 0.049074 0.013542 0.033333
5 0.578646 0.456481 0.013542 0.033333
6 0.265885 0.167130 0.014063 0.025000
6 0.078385 0.179167 0.014063 0.025000
6 0.402865 0.966204 0.014063 0.025000
6 0.854948 0.928241 0.014063 0.025000
6 0.223698 0.397685 0.014063 0.025000
7 0.113021 0.414352 0.013542 0.028704
7 0.500521 0.231944 0.013542 0.028704
7 0.450000 0.954167 0.013542 0.028704
7 0.986458 0.430093 0.013542 0.028704
7 0.542708 0.854167 0.013542 0.028704
7 0.614583 0.544907 0.013542 0.028704
7 0.091146 0.542130 0.013542 0.028704
7 0.446875 0.733796 0.013542 0.028704
7 0.557813 0.965278 0.013542 0.028704
7 0.680208 0.028241 0.013542 0.028704
8 0.955208 0.070833 0.012500 0.028704
9 0.441146 0.613889 0.011458 0.027778
9 0.251563 0.276852 0.011458 0.027778
9 0.088542 0.469444 0.011458 0.027778
10 0.041667 0.605556 0.011458 0.027778
10 0.007292 0.800926 0.011458 0.027778
10 0.984896 0.493519 0.011458 0.027778
10 0.642188 0.856481 0.011458 0.027778
10 0.554688 0.044444 0.011458 0.027778
11 0.556771 0.130093 0.013542 0.028704
11 0.571354 0.111574 0.013542 0.028704
11 0.388542 0.686574 0.013542 0.028704
11 0.144271 0.326389 0.013542 0.028704
11 0.475000 0.762500 0.013542 0.028704
11 0.473958 0.560648 0.013542 0.028704
11 0.971875 0.811574 0.013542 0.028704
11 0.218750 0.450463 0.013542 0.028704
11 0.611979 0.132870 0.013542 0.028704
11 0.167187 0.461574 0.013542 0.028704
12 0.598177 0.864815 0.014063 0.033333
13 0.794271 0.862037 0.013542 0.027778
13 0.235417 0.762037 0.013542 0.027778
13 0.405208 0.347222 0.013542 0.027778
13 0.425521 0.745370 0.013542 0.027778
