0 0.203906 0.156019 0.014063 0.025000
1 0.318750 0.887037 0.014583 0.025926
2 0.595573 0.326389 0.015104 0.026852
2 0.409115 0.317130 0.015104 0.026852
2 0.370573 0.826389 0.015104 0.026852
2 0.698698 0.905093 0.015104 0.026852
2 0.975260 0.857870 0.015104 0.026852
2 0.847135 0.560648 0.015104 0.026852
3 0.229948 0.168981 0.014063 0.025000
3 0.860156 0.278241 0.014063 0.025000
3 0.669531 0.882870 0.014063 0.025000
3 0.561198 0.790278 0.014063 0.025000
3 0.269531 0.928241 0.014063 0.025000
3 0.974219 0.089352 0.014063 0.025000
3 0.340885 0.723611 0.014063 0.025000
3 0.438281 0.622685 0.014063 0.025000
4 0.103906 0.951389 0.014063 0.025000
4 0.657552 0.706019 0.014063 0.025000
4 0.789844 0.742130 0.014063 0.025000
4 0.383594 0.212500 0.014063 0.025000
4 0.299740 0.289352 0.014063 0.025000
4 0.220573 0.368056 0.014063 0.025000
4 0.667448 0.483796 0.014063 0.025000
5 0.053646 0.761111 0.013542 0.033333
5 0.939583 0.105556 0.013542 0.033333
5 0.843229 0.107407 0.013542 0.033333
5 0.473958 0.844444 0.013542 0.033333
6 0.299219 0.910648 0.014063 0.025000
6 0.410156 0.243056 0.014063 0.025000
6 0.036198 0.584722 0.014063 0.025000
6 0.586198 0.959722 0.014063 0.025000
6 0.533594 0.350463 0.014063 0.025000
6 0.511719 0.750463 0.014063 0.025000
6 0.963802 0.590278 0.014063 0.025000
6 0.146094 0.611574 0.014063 0.025000
7 0.590104 0.240278 0.013542 0.028704
7 0.313021 0.146759 0.013542 0.028704
7 0.214583 0.605093 0.013542 0.028704
7 0.973958 0.385648 0.013542 0.028704
7 0.771875 0.028241 0.013542 0.028704
8 0.984375 0.343056 0.012500 0.028704
8 0.594271 0.073611 0.012500 0.028704
8 0.648438 0.205093 0.012500 0.028704
8 0.768750 0.256019 0.012500 0.028704
8 0.500000 0.301389 0.012500 0.028704
8 0.821354 0.735648 0.012500 0.028704
8 0.716146 0.068056 0.012500 0.028704
9 0.298438 0.812037 0.011458 0.027778
9 0.696875 0.152778 0.011458 0.027778
9 0.323437 0.350000 0.011458 0.027778
9 0.653125 0.389815 0.011458 0.027778
9 0.388021 0.355556 0.011458 0.027778
9 0.168229 0.701852 0.011458 0.027778
9 0.249479 0.336111 0.011458 0.027778
10 0.856250 0.250926 0.011458 0.027778
10 0.216146 0.569444 0.011458 0.027778
12 0.111719 0.221296 0.014063 0.033333
12 0.700781 0.562963 0.014063 0.033333
12 0.932552 0.168519 0.014063 0.033333
12 0.719531 0.870370 0.014063 0.033333
12 0.256510 0.077778 0.014063 0.033333
12 0.380990 0.721296 0.014063 0.033333
12 0.033073 0.183333 0.014063 0.033333
13 0.202604 0.564815 0.013542 0.027778
13 0.976042 0.519444 0.013542 0.027778
13 0.096875 0.468519 0.013542 0.027778
