0 0.957031 0.136574 0.014063 0.025000
1 0.839583 0.676852 0.014583 0.025926
1 0.150000 0.826852 0.014583 0.025926
1 0.220312 0.450926 0.014583 0.025926
1 0.693229 0.391667 0.014583 0.025926
1 0.962500 0.828704 0.014583 0.025926
1 0.545833 0.978704 0.014583 0.025926
1 0.490104 0.262037 0.014583 0.025926
1 0.022396 0.617593 0.014583 0.025926
1 0.901042 0.284259 0.014583 0.025926
1 0.348958 0.612963 0.014583 0.025926
2 0.797656 0.856944 0.015104 0.026852
2 0.401302 0.608796 0.015104 0.026852
2 0.683594 0.209722 0.015104 0.026852
2 0.884635 0.201389 0.015104 0.026852
3 0.013281 0.744907 0.014063 0.025000
3 0.233073 0.929167 0.014063 0.025000
3 0.824219 0.889352 0.014063 0.025000
4 0.713281 0.659722 0.014063 0.025000
4 0.434635 0.210648 0.014063 0.025000
4 0.745052 0.242130 0.014063 0.025000
4 0.353906 0.578241 0.014063 0.025000
4 0.130990 0.609722 0.014063 0.025000
4 0.101302 0.070833 0.014063 0.025000
4 0.941927 0.174537 0.014063 0.025000
4 0.687240 0.165278 0.014063 0.025000
4 0.546615 0.764352 0.014063 0.025000
5 0.861979 0.604630 0.013542 0.033333
5 0.664062 0.912037 0.013542 0.033333
5 0.600521 0.813889 0.013542 0.033333
6 0.337760 0.231019 0.014063 0.025000
6 0.459635 0.128241 0.014063 0.025000
6 0.172135 0.687500 0.014063 0.025000
6 0.253906 0.226389 0.014063 0.025000
6 0.665365 0.879167 0.014063 0.025000
8 0.337500 0.680093 0.012500 0.028704
8 0.600521 0.475463 0.012500 0.028704
8 0.259375 0.436574 0.012500 0.028704
8 0.193750 0.020833 0.012500 0.028704
8 0.354687 0.015278 0.012500 0.028704
8 0.778646 0.905093 0.012500 0.028704
9 0.919792 0.242593 0.011458 0.027778
9 0.448437 0.891667 0.011458 0.027778
9 0.401562 0.418519 0.011458 0.027778
9 0.628646 0.130556 0.011458 0.027778
10 0.219271 0.360185 0.011458 0.027778
10 0.438542 0.320370 0.011458 0.027778
10 0.359896 0.662037 0.011458 0.027778
10 0.701562 0.254630 0.011458 0.027778
10 0.346875 0.362037 0.011458 0.027778
10 0.488542 0.154630 0.011458 0.027778
10 0.556250 0.337963 0.011458 0.027778
11 0.819271 0.793981 0.013542 0.028704
11 0.679688 0.694907 0.013542 0.028704
11 0.588021 0.381944 0.013542 0.028704
11 0.496354 0.087500 0.013542 0.028704
11 0.792188 0.414352 0.013542 0.028704
11 0.544792 0.464352 0.013542 0.028704
11 0.713021 0.348611 0.013542 0.028704
11 0.474479 0.543056 0.013542 0.028704
13 0.157292 0.213889 0.013542 0.027778
13 0.661979 0.101852 0.013542 0.027778
13 0.309896 0.219444 0.013542 0.027778
13 0.033333 0.722222 0.013542 0.027778
13 0.807292 0.673148 0.013542 0.027778
13 0.190625 0.918519 0.013542 0.027778
13 0.070833 0.421296 0.013542 0.027778
