0 0.201823 0.411574 0.014063 0.025000
0 0.848177 0.709722 0.014063 0.025000
1 0.247917 0.278704 0.014583 0.025926
1 0.232292 0.304630 0.014583 0.025926
1 0.227604 0.574074 0.014583 0.025926
1 0.139583 0.098148 0.014583 0.025926
1 0.482812 0.153704 0.014583 0.025926
1 0.789062 0.452778 0.014583 0.025926
1 0.616667 0.195370 0.014583 0.025926
1 0.141146 0.779630 0.014583 0.025926
1 0.260937 0.640741 0.014583 0.025926
2 0.567969 0.764352 0.015104 0.026852
2 0.189323 0.573611 0.015104 0.026852
2 0.132552 0.541204 0.015104 0.026852
2 0.918490 0.212500 0.015104 0.026852
2 0.647656 0.614352 0.015104 0.026852
2 0.033594 0.102315 0.015104 0.026852
2 0.653906 0.406019 0.015104 0.026852
2 0.712760 0.783796 0.015104 0.026852
2 0.072135 0.295833 0.015104 0.026852
3 0.790365 0.082870 0.014063 0.025000
4 0.196615 0.256944 0.014063 0.025000
4 0.062240 0.665278 0.014063 0.025000
4 0.847656 0.234722 0.014063 0.025000
4 0.484635 0.564352 0.014063 0.025000
4 0.935156 0.112500 0.014063 0.025000
4 0.286198 0.966204 0.014063 0.025000
4 0.491406 0.424537 0.014063 0.025000
5 0.023438 0.656481 0.013542 0.033333
5 0.039062 0.678704 0.013542 0.033333
6 0.361198 0.188426 0.014063 0.025000
6 0.686719 0.539352 0.014063 0.025000
6 0.213281 0.861574 0.014063 0.025000
6 0.238802 0.938426 0.014063 0.025000
6 0.263281 0.036574 0.014063 0.025000
6 0.479948 0.347685 0.014063 0.025000
6 0.573177 0.378241 0.014063 0.025000
7 0.959896 0.276389 0.013542 0.028704
7 0.405729 0.723611 0.013542 0.028704
7 0.077083 0.585648 0.013542 0.028704
7 0.231250 0.363426 0.013542 0.028704
7 0.640625 0.282870 0.013542 0.028704
7 0.036458 0.281944 0.013542 0.028704
7 0.041667 0.641204 0.013542 0.028704
7 0.419792 0.437500 0.013542 0.028704
7 0.814583 0.852315 0.013542 0.028704
7 0.440625 0.638426 0.013542 0.028704
8 0.481250 0.749537 0.012500 0.028704
8 0.314063 0.631944 0.012500 0.028704
8 0.802604 0.131944 0.012500 0.028704
8 0.809375 0.653241 0.012500 0.028704
8 0.691146 0.143056 0.012500 0.028704
8 0.879167 0.406944 0.012500 0.028704
8 0.915625 0.479167 0.012500 0.028704
8 0.688021 0.722685 0.012500 0.028704
8 0.930729 0.302315 0.012500 0.028704
8 0.469792 0.486574 0.012500 0.028704
9 0.061979 0.733333 0.011458 0.027778
9 0.095312 0.497222 0.011458 0.027778
9 0.202604 0.709259 0.011458 0.027778
9 0.870313 0.654630 0.011458 0.027778
10 0.523958 0.206481 0.011458 0.027778
10 0.321354 0.399074 0.011458 0.027778
10 0.752604 0.912037 0.011458 0.027778
10 0.631250 0.196296 0.011458 0.027778
10 0.561458 0.605556 0.011458 0.027778
10 0.604167 0.814815 0.011458 0.027778
11 0.329688 0.960648 0.013542 0.028704
11 0.944792 0.474537 0.013542 0.028704
11 0.167187 0.055093 0.013542 0.028704
13 0.874479 0.216667 0.013542 0.027778
13 0.302604 0.091667 0.013542 0.027778
13 0.451562 0.109259 0.013542 0.027778
13 0.418750 0.256481 0.013542 0.027778
13 0.075521 0.937963 0.013542 0.027778
13 0.886458 0.339815 0.013542 0.027778
13 0.567708 0.241667 0.013542 0.027778
13 0.397917 0.197222 0.013542 0.027778
13 0.237500 0.545370 0.013542 0.027778
