0 0.450781 0.959722 0.014063 0.025000
0 0.570052 0.217130 0.014063 0.025000
0 0.257552 0.623611 0.014063 0.025000
0 0.393490 0.321759 0.014063 0.025000
0 0.488281 0.191204 0.014063 0.025000
0 0.104427 0.967130 0.014063 0.025000
0 0.339323 0.210648 0.014063 0.025000
0 0.033073 0.084722 0.014063 0.025000
0 0.073177 0.639352 0.014063 0.025000
0 0.419531 0.087500 0.014063 0.025000
1 0.595313 0.362963 0.014583 0.025926
1 0.671354 0.325000 0.014583 0.025926
1 0.670312 0.156481 0.014583 0.025926
1 0.207813 0.126852 0.014583 0.025926
1 0.046354 0.909259 0.014583 0.025926
1 0.706250 0.090741 0.014583 0.025926
1 0.375521 0.065741 0.014583 0.025926
1 0.152604 0.356481 0.014583 0.025926
1 0.918229 0.690741 0.014583 0.025926
2 0.542448 0.281944 0.015104 0.026852
2 0.535677 0.141204 0.015104 0.026852
3 0.066927 0.598611 0.014063 0.025000
3 0.189844 0.268056 0.014063 0.025000
3 0.410677 0.779167 0.014063 0.025000
3 0.460677 0.605093 0.014063 0.025000
3 0.400781 0.856019 0.014063 0.025000
3 0.675260 0.693056 0.014063 0.025000
4 0.203906 0.032870 0.014063 0.025000
4 0.849219 0.567130 0.014063 0.025000
5 0.600521 0.146296 0.013542 0.033333
5 0.010417 0.226852 0.013542 0.033333
6 0.563281 0.475463 0.014063 0.025000
6 0.735156 0.579167 0.014063 0.025000
6 0.837240 0.598611 0.014063 0.025000
7 0.726042 0.066204 0.013542 0.028704
7 0.451562 0.674537 0.013542 0.028704
7 0.614062 0.229167 0.013542 0.028704
7 0.531771 0.899537 0.013542 0.028704
7 0.703125 0.182870 0.013542 0.028704
7 0.105208 0.061574 0.013542 0.028704
8 0.936979 0.699537 0.012500 0.028704
8 0.555208 0.212500 0.012500 0.028704
8 0.445833 0.282870 0.012500 0.028704
8 0.255729 0.942130 0.012500 0.028704
9 0.671354 0.375926 0.011458 0.027778
9 0.759375 0.325926 0.011458 0.027778
9 0.520312 0.406481 0.011458 0.027778
9 0.882292 0.600000 0.011458 0.027778
9 0.486458 0.576852 0.011458 0.027778
9 0.548438 0.967593 0.011458 0.027778
9 0.918750 0.742593 0.011458 0.027778
10 0.797396 0.779630 0.011458 0.027778
10 0.640625 0.476852 0.011458 0.027778
11 0.638542 0.884722 0.013542 0.028704
11 0.227604 0.729167 0.013542 0.028704
11 0.436979 0.325463 0.013542 0.028704
11 0.952083 0.394907 0.013542 0.028704
11 0.064583 0.450463 0.013542 0.028704
11 0.579688 0.893056 0.013542 0.028704
11 0.816667 0.937500 0.013542 0.028704
11 0.728646 0.951389 0.013542 0.028704
12 0.290365 0.383333 0.014063 0.033333
12 0.554948 0.144444 0.014063 0.033333
12 0.214323 0.416667 0.014063 0.033333
12 0.240365 0.572222 0.014063 0.033333
12 0.985156 0.824074 0.014063 0.033333
12 0.353385 0.319444 0.014063 0.033333
12 0.142448 0.598148 0.014063 0.033333
12 0.141406 0.437037 0.014063 0.033333
12 0.519531 0.210185 0.014063 0.033333
13 0.215104 0.617593 0.013542 0.027778
13 0.387500 0.807407 0.013542 0.027778
13 0.162500 0.505556 0.013542 0.027778
13 0.048958 0.159259 0.013542 0.027778
13 0.964583 0.346296 0.013542 0.027778
13 0.354167 0.388889 0.013542 0.027778
13 0.266146 0.723148 0.013542 0.027778
