0 0.502865 0.012500 0.014063 0.025000
0 0.987240 0.980093 0.014063 0.025000
0 0.732031 0.104167 0.014063 0.025000
0 0.919010 0.160648 0.014063 0.025000
0 0.220052 0.536574 0.014063 0.025000
1 0.714063 0.371296 0.014583 0.025926
1 0.157812 0.499074 0.014583 0.025926
1 0.506250 0.490741 0.014583 0.025926
1 0.386458 0.269444 0.014583 0.025926
1 0.833333 0.864815 0.014583 0.025926
1 0.991667 0.885185 0.014583 0.025926
1 0.146875 0.685185 0.014583 0.025926
1 0.845313 0.437963 0.014583 0.025926
1 0.481771 0.987037 0.014583 0.025926
2 0.160156 0.100463 0.015104 0.026852
2 0.645052 0.127315 0.015104 0.026852
2 0.948177 0.308796 0.015104 0.026852
2 0.635156 0.356019 0.015104 0.026852
3 0.880990 0.274537 0.014063 0.025000
3 0.600260 0.373611 0.014063 0.025000
3 0.911198 0.746759 0.014063 0.025000
3 0.404427 0.394907 0.014063 0.025000
3 0.540365 0.843981 0.014063 0.025000
3 0.485677 0.083796 0.014063 0.025000
3 0.345052 0.104167 0.014063 0.025000
3 0.144531 0.919907 0.014063 0.025000
4 0.536719 0.031944 0.014063 0.025000
4 0.094531 0.580093 0.014063 0.025000
4 0.659115 0.248611 0.014063 0.025000
4 0.566927 0.368056 0.014063 0.025000
4 0.984635 0.591204 0.014063 0.025000
5 0.444792 0.325926 0.013542 0.033333
5 0.484375 0.306481 0.013542 0.033333
5 0.779687 0.757407 0.013542 0.033333
5 0.708854 0.643519 0.013542 0.033333
5 0.780208 0.478704 0.013542 0.033333
5 0.471354 0.609259 0.013542 0.033333
5 0.190104 0.083333 0.013542 0.033333
5 0.319792 0.403704 0.013542 0.033333
5 0.193229 0.313889 0.013542 0.033333
7 0.309375 0.676389 0.013542 0.028704
7 0.841667 0.111574 0.013542 0.028704
7 0.308333 0.873611 0.013542 0.028704
8 0.259375 0.665278 0.012500 0.028704
8 0.573438 0.950463 0.012500 0.028704
8 0.700000 0.185648 0.012500 0.028704
8 0.993750 0.035648 0.012500 0.028704
9 0.879167 0.977778 0.011458 0.027778
9 0.814063 0.549074 0.011458 0.027778
9 0.129688 0.223148 0.011458 0.027778
9 0.516146 0.188889 0.011458 0.027778
9 0.904687 0.471296 0.011458 0.027778
9 0.864583 0.500926 0.011458 0.027778
9 0.570833 0.828704 0.011458 0.027778
9 0.415104 0.362963 0.011458 0.027778
10 0.951042 0.106481 0.011458 0.027778
10 0.924479 0.272222 0.011458 0.027778
10 0.896354 0.177778 0.011458 0.027778
10 0.291146 0.763889 0.011458 0.027778
10 0.052604 0.287963 0.011458 0.027778
11 0.347396 0.640278 0.013542 0.028704
11 0.042188 0.181019 0.013542 0.028704
11 0.129688 0.831019 0.013542 0.028704
11 0.603646 0.331944 0.013542 0.028704
11 0.904167 0.604167 0.013542 0.028704
11 0.367708 0.360648 0.013542 0.028704
11 0.549479 0.804167 0.013542 0.028704
11 0.051042 0.918981 0.013542 0.028704
11 0.870313 0.156944 0.013542 0.028704
13 0.190625 0.183333 0.013542 0.027778
13 0.234896 0.528704 0.013542 0.027778
