0 0.602865 0.035648 0.014063 0.025000
0 0.077344 0.077315 0.014063 0.025000
0 0.058594 0.393981 0.014063 0.025000
0 0.360677 0.544907 0.014063 0.025000
0 0.441406 0.259722 0.014063 0.025000
0 0.638802 0.503241 0.014063 0.025000
1 0.065625 0.898148 0.014583 0.025926
2 0.407552 0.210648 0.015104 0.026852
2 0.326302 0.047685 0.015104 0.026852
2 0.891927 0.619907 0.015104 0.026852
2 0.663281 0.554167 0.015104 0.026852
2 0.309115 0.058796 0.015104 0.026852
2 0.329427 0.356019 0.015104 0.026852
3 0.820052 0.688426 0.014063 0.025000
3 0.029427 0.028241 0.014063 0.025000
3 0.135156 0.260648 0.014063 0.025000
3 0.252344 0.936574 0.014063 0.025000
3 0.099740 0.110648 0.014063 0.025000
3 0.598177 0.835648 0.014063 0.025000
3 0.466406 0.783796 0.014063 0.025000
4 0.811198 0.256944 0.014063 0.025000
4 0.089323 0.366204 0.014063 0.025000
4 0.443490 0.213426 0.014063 0.025000
4 0.615365 0.344907 0.014063 0.025000
4 0.417969 0.390278 0.014063 0.025000
4 0.876823 0.622685 0.014063 0.025000
4 0.226302 0.431944 0.014063 0.025000
4 0.675260 0.298611 0.014063 0.025000
4 0.148177 0.731944 0.014063 0.025000
5 0.187500 0.700000 0.013542 0.033333
5 0.868750 0.426852 0.013542 0.033333
6 0.619531 0.905093 0.014063 0.025000
6 0.894531 0.573611 0.014063 0.025000
6 0.815365 0.783796 0.014063 0.025000
6 0.698177 0.598611 0.014063 0.025000
6 0.386198 0.389352 0.014063 0.025000
7 0.310417 0.797685 0.013542 0.028704
7 0.883854 0.284722 0.013542 0.028704
7 0.434896 0.518981 0.013542 0.028704
7 0.937500 0.731944 0.013542 0.028704
7 0.197396 0.847685 0.013542 0.028704
7 0.483333 0.288426 0.013542 0.028704
7 0.955729 0.681944 0.013542 0.028704
8 0.434896 0.777315 0.012500 0.028704
8 0.911979 0.721759 0.012500 0.028704
8 0.018229 0.924537 0.012500 0.028704
8 0.050000 0.165278 0.012500 0.028704
8 0.496354 0.594907 0.012500 0.028704
8 0.607292 0.576389 0.012500 0.028704
8 0.019271 0.566204 0.012500 0.028704
8 0.178125 0.936574 0.012500 0.028704
8 0.439063 0.982870 0.012500 0.028704
9 0.557292 0.107407 0.011458 0.027778
9 0.351042 0.587037 0.011458 0.027778
9 0.499479 0.838889 0.011458 0.027778
9 0.104688 0.354630 0.011458 0.027778
9 0.119792 0.303704 0.011458 0.027778
9 0.753646 0.220370 0.011458 0.027778
9 0.616146 0.033333 0.011458 0.027778
10 0.409375 0.768519 0.011458 0.027778
10 0.742188 0.558333 0.011458 0.027778
10 0.743750 0.371296 0.011458 0.027778
10 0.364063 0.877778 0.011458 0.027778
10 0.213021 0.700926 0.011458 0.027778
10 0.089063 0.666667 0.011458 0.027778
10 0.111458 0.500926 0.011458 0.027778
11 0.103646 0.965278 0.013542 0.028704
11 0.883854 0.029167 0.013542 0.028704
11 0.659896 0.418056 0.013542 0.028704
11 0.705729 0.773611 0.013542 0.028704
11 0.541146 0.229167 0.013542 0.028704
11 0.975521 0.543056 0.013542 0.028704
12 0.572135 0.687963 0.014063 0.033333
12 0.283594 0.972222 0.014063 0.033333
12 0.227344 0.184259 0.014063 0.033333
12 0.610156 0.777778 0.014063 0.033333
12 0.864323 0.925926 0.014063 0.033333
12 0.922656 0.786111 0.014063 0.033333
12 0.495052 0.649074 0.014063 0.033333
12 0.668490 0.969444 0.014063 0.033333
