0 0.209115 0.361574 0.014063 0.025000
0 0.396094 0.918056 0.014063 0.025000
0 0.497656 0.263426 0.014063 0.025000
0 0.262240 0.593056 0.014063 0.025000
0 0.982031 0.381944 0.014063 0.025000
0 0.883073 0.331944 0.014063 0.025000
1 0.760417 0.664815 0.014583 0.025926
1 0.966667 0.917593 0.014583 0.025926
1 0.177083 0.087963 0.014583 0.025926
1 0.215104 0.890741 0.014583 0.025926
1 0.778125 0.141667 0.014583 0.025926
1 0.466146 0.461111 0.014583 0.025926
1 0.466667 0.142593 0.014583 0.025926
1 0.583854 0.230556 0.014583 0.025926
2 0.472135 0.769907 0.015104 0.026852
2 0.398177 0.129167 0.015104 0.026852
2 0.888802 0.874537 0.015104 0.026852
2 0.126302 0.169907 0.015104 0.026852
2 0.524740 0.433796 0.015104 0.026852
2 0.918490 0.534722 0.015104 0.026852
2 0.656510 0.706944 0.015104 0.026852
2 0.402865 0.381019 0.015104 0.026852
3 0.299740 0.463426 0.014063 0.025000
3 0.346094 0.624537 0.014063 0.025000
3 0.572656 0.077315 0.014063 0.025000
3 0.786719 0.036574 0.014063 0.025000
3 0.384635 0.834722 0.014063 0.025000
3 0.880469 0.124537 0.014063 0.025000
3 0.301823 0.582870 0.014063 0.025000
4 0.019010 0.832870 0.014063 0.025000
4 0.177344 0.827315 0.014063 0.025000
6 0.258594 0.083796 0.014063 0.025000
6 0.575781 0.258796 0.014063 0.025000
6 0.149219 0.094907 0.014063 0.025000
6 0.110677 0.237500 0.014063 0.025000
7 0.017188 0.869907 0.013542 0.028704
8 0.298438 0.917130 0.012500 0.028704
9 0.365625 0.767593 0.011458 0.027778
9 0.773438 0.860185 0.011458 0.027778
9 0.076563 0.618519 0.011458 0.027778
9 0.396875 0.765741 0.011458 0.027778
9 0.324479 0.596296 0.011458 0.027778
9 0.654167 0.183333 0.011458 0.027778
9 0.026562 0.906481 0.011458 0.027778
9 0.326562 0.036111 0.011458 0.027778
9 0.963021 0.225926 0.011458 0.027778
9 0.898958 0.062037 0.011458 0.027778
10 0.904167 0.859259 0.011458 0.027778
10 0.432812 0.909259 0.011458 0.027778
10 0.603125 0.791667 0.011458 0.027778
10 0.921875 0.444444 0.011458 0.027778
10 0.652083 0.256481 0.011458 0.027778
10 0.948958 0.971296 0.011458 0.027778
10 0.185417 0.016667 0.011458 0.027778
10 0.314583 0.280556 0.011458 0.027778
12 0.899740 0.392593 0.014063 0.033333
12 0.537240 0.590741 0.014063 0.033333
12 0.487240 0.869444 0.014063 0.033333
13 0.845833 0.789815 0.013542 0.027778
13 0.916667 0.947222 0.013542 0.027778
13 0.820312 0.384259 0.013542 0.027778
13 0.685417 0.910185 0.013542 0.027778
13 0.685417 0.561111 0.013542 0.027778
13 0.601562 0.610185 0.013542 0.027778
13 0.451562 0.425926 0.013542 0.027778
13 0.021875 0.207407 0.013542 0.027778
