0 0.500781 0.026389 0.014063 0.025000
0 0.416406 0.091204 0.014063 0.025000
0 0.291406 0.900463 0.014063 0.025000
0 0.549740 0.236574 0.014063 0.025000
0 0.860677 0.090278 0.014063 0.025000
0 0.587760 0.764352 0.014063 0.025000
0 0.874740 0.211574 0.014063 0.025000
2 0.132552 0.189352 0.015104 0.026852
2 0.916927 0.249537 0.015104 0.026852
2 0.678385 0.802315 0.015104 0.026852
2 0.630469 0.016204 0.015104 0.026852
2 0.450260 0.322685 0.015104 0.026852
2 0.525260 0.957870 0.015104 0.026852
2 0.897656 0.570833 0.015104 0.026852
2 0.204427 0.406019 0.015104 0.026852
2 0.732552 0.664352 0.015104 0.026852
2 0.958073 0.767130 0.015104 0.026852
3 0.934115 0.230093 0.014063 0.025000
3 0.347656 0.103241 0.014063 0.025000
3 0.537760 0.553241 0.014063 0.025000
4 0.474219 0.249537 0.014063 0.025000
5 0.986458 0.801852 0.013542 0.033333
5 0.679688 0.924074 0.013542 0.033333
5 0.596875 0.042593 0.013542 0.033333
5 0.834896 0.023148 0.013542 0.033333
5 0.701562 0.929630 0.013542 0.033333
6 0.290365 0.300463 0.014063 0.025000
6 0.661719 0.066204 0.014063 0.025000
6 0.351302 0.345833 0.014063 0.025000
6 0.177344 0.606019 0.014063 0.025000
6 0.184115 0.286574 0.014063 0.025000
6 0.408594 0.213426 0.014063 0.025000
6 0.980469 0.592130 0.014063 0.025000
6 0.641406 0.354167 0.014063 0.025000
6 0.665365 0.031944 0.014063 0.025000
6 0.476823 0.982870 0.014063 0.025000
7 0.629687 0.668981 0.013542 0.028704
7 0.788542 0.457870 0.013542 0.028704
7 0.102604 0.978241 0.013542 0.028704
7 0.299479 0.083796 0.013542 0.028704
7 0.655208 0.574537 0.013542 0.028704
7 0.334896 0.218056 0.013542 0.028704
7 0.851042 0.589352 0.013542 0.028704
7 0.916146 0.799537 0.013542 0.028704
8 0.177604 0.032870 0.012500 0.028704
8 0.820312 0.895833 0.012500 0.028704
9 0.215625 0.765741 0.011458 0.027778
9 0.741146 0.528704 0.011458 0.027778
9 0.154688 0.917593 0.011458 0.027778
10 0.711458 0.300000 0.011458 0.027778
10 0.328646 0.544444 0.011458 0.027778
10 0.395833 0.862037 0.011458 0.027778
10 0.263542 0.053704 0.011458 0.027778
10 0.917188 0.512963 0.011458 0.027778
10 0.385937 0.450000 0.011458 0.027778
10 0.808333 0.611111 0.011458 0.027778
10 0.940625 0.183333 0.011458 0.027778
12 0.745573 0.271296 0.014063 0.033333
12 0.684115 0.517593 0.014063 0.033333
12 0.744531 0.792593 0.014063 0.033333
13 0.985417 0.473148 0.013542 0.027778
13 0.771875 0.415741 0.013542 0.027778
13 0.572396 0.722222 0.013542 0.027778
13 0.136458 0.140741 0.013542 0.027778
13 0.201042 0.115741 0.013542 0.027778
