0 0.726302 0.511574 0.014063 0.025000
0 0.625260 0.268056 0.014063 0.025000
0 0.906510 0.593056 0.014063 0.025000
0 0.390885 0.435648 0.014063 0.025000
1 0.883854 0.881481 0.014583 0.025926
1 0.501042 0.050000 0.014583 0.025926
1 0.641146 0.928704 0.014583 0.025926
1 0.538542 0.144444 0.014583 0.025926
2 0.398698 0.359722 0.015104 0.026852
2 0.039844 0.666204 0.015104 0.026852
2 0.105990 0.406944 0.015104 0.026852
2 0.388281 0.292130 0.015104 0.026852
2 0.171615 0.715278 0.015104 0.026852
2 0.810156 0.916204 0.015104 0.026852
3 0.670573 0.860648 0.014063 0.025000
3 0.054427 0.871759 0.014063 0.025000
3 0.102344 0.117130 0.014063 0.025000
3 0.031510 0.512500 0.014063 0.025000
3 0.821615 0.569907 0.014063 0.025000
4 0.292969 0.928241 0.014063 0.025000
4 0.630469 0.321759 0.014063 0.025000
4 0.478906 0.048611 0.014063 0.025000
5 0.208854 0.197222 0.013542 0.033333
5 0.432292 0.674074 0.013542 0.033333
5 0.036979 0.111111 0.013542 0.033333
5 0.129688 0.090741 0.013542 0.033333
5 0.700000 0.474074 0.013542 0.033333
5 0.495833 0.226852 0.013542 0.033333
6 0.839844 0.277315 0.014063 0.025000
6 0.130469 0.019907 0.014063 0.025000
6 0.204427 0.036574 0.014063 0.025000
6 0.162760 0.818981 0.014063 0.025000
6 0.399740 0.769907 0.014063 0.025000
6 0.664844 0.661574 0.014063 0.025000
6 0.247135 0.698611 0.014063 0.025000
6 0.425781 0.642130 0.014063 0.025000
6 0.385677 0.173611 0.014063 0.025000
7 0.918750 0.564352 0.013542 0.028704
7 0.865625 0.540278 0.013542 0.028704
7 0.297917 0.852315 0.013542 0.028704
8 0.302083 0.056019 0.012500 0.028704
8 0.450000 0.842130 0.012500 0.028704
8 0.609375 0.437500 0.012500 0.028704
8 0.178125 0.333796 0.012500 0.028704
8 0.699479 0.290278 0.012500 0.028704
8 0.567708 0.208796 0.012500 0.028704
8 0.388021 0.698611 0.012500 0.028704
8 0.569271 0.534722 0.012500 0.028704
9 0.861979 0.070370 0.011458 0.027778
9 0.288021 0.783333 0.011458 0.027778
9 0.580208 0.855556 0.011458 0.027778
9 0.454167 0.015741 0.011458 0.027778
9 0.761458 0.524074 0.011458 0.027778
9 0.421354 0.830556 0.011458 0.027778
9 0.011458 0.895370 0.011458 0.027778
9 0.756250 0.036111 0.011458 0.027778
10 0.596354 0.037037 0.011458 0.027778
10 0.374479 0.425000 0.011458 0.027778
10 0.350000 0.323148 0.011458 0.027778
10 0.385417 0.984259 0.011458 0.027778
10 0.496875 0.341667 0.011458 0.027778
10 0.793229 0.207407 0.011458 0.027778
10 0.127083 0.948148 0.011458 0.027778
10 0.972396 0.365741 0.011458 0.027778
10 0.090104 0.891667 0.011458 0.027778
12 0.980469 0.294444 0.014063 0.033333
12 0.614323 0.102778 0.014063 0.033333
12 0.248698 0.218519 0.014063 0.033333
12 0.245052 0.287037 0.014063 0.033333
12 0.325781 0.050926 0.014063 0.033333
12 0.558594 0.116667 0.014063 0.033333
12 0.726302 0.042593 0.014063 0.033333
13 0.769792 0.389815 0.013542 0.027778
13 0.696354 0.375926 0.013542 0.027778
