0 0.291927 0.691204 0.014063 0.025000
0 0.504427 0.654167 0.014063 0.025000
0 0.435677 0.495833 0.014063 0.025000
0 0.357552 0.570833 0.014063 0.025000
0 0.959635 0.804167 0.014063 0.025000
0 0.132031 0.226389 0.014063 0.025000
0 0.714323 0.217130 0.014063 0.025000
0 0.341406 0.045833 0.014063 0.025000
0 0.432552 0.866204 0.014063 0.025000
0 0.633073 0.465278 0.014063 0.025000
1 0.857812 0.047222 0.014583 0.025926
1 0.645312 0.957407 0.014583 0.025926
1 0.929688 0.803704 0.014583 0.025926
1 0.683333 0.104630 0.014583 0.025926
1 0.738542 0.113889 0.014583 0.025926
1 0.108854 0.777778 0.014583 0.025926
1 0.695312 0.662037 0.014583 0.025926
1 0.208333 0.799074 0.014583 0.025926
1 0.928125 0.368519 0.014583 0.025926
2 0.207031 0.124537 0.015104 0.026852
2 0.670052 0.554167 0.015104 0.026852
2 0.236719 0.018981 0.015104 0.026852
3 0.390365 0.568056 0.014063 0.025000
3 0.151302 0.240278 0.014063 0.025000
3 0.374740 0.191204 0.014063 0.025000
3 0.127344 0.862500 0.014063 0.025000
3 0.686198 0.840278 0.014063 0.025000
3 0.948698 0.318981 0.014063 0.025000
3 0.169531 0.922685 0.014063 0.025000
3 0.067969 0.754167 0.014063 0.025000
3 0.069531 0.496759 0.014063 0.025000
3 0.584115 0.324537 0.014063 0.025000
5 0.525521 0.607407 0.013542 0.033333
5 0.986979 0.495370 0.013542 0.033333
6 0.890885 0.940278 0.014063 0.025000
6 0.296094 0.072685 0.014063 0.025000
6 0.847135 0.710648 0.014063 0.025000
6 0.460677 0.341204 0.014063 0.025000
7 0.445833 0.714352 0.013542 0.028704
7 0.772917 0.703241 0.013542 0.028704
7 0.891146 0.139352 0.013542 0.028704
7 0.028125 0.234722 0.013542 0.028704
7 0.038021 0.153241 0.013542 0.028704
7 0.130208 0.825463 0.013542 0.028704
7 0.833333 0.965278 0.013542 0.028704
8 0.210938 0.907870 0.012500 0.028704
8 0.058854 0.553241 0.012500 0.028704
8 0.117708 0.543056 0.012500 0.028704
8 0.815625 0.259722 0.012500 0.028704
8 0.914583 0.742130 0.012500 0.028704
8 0.133333 0.267130 0.012500 0.028704
8 0.570312 0.634722 0.012500 0.028704
8 0.954688 0.350463 0.012500 0.028704
8 0.094271 0.801389 0.012500 0.028704
8 0.434375 0.198611 0.012500 0.028704
9 0.640625 0.517593 0.011458 0.027778
11 0.447396 0.844907 0.013542 0.028704
11 0.849479 0.250463 0.013542 0.028704
11 0.795833 0.721759 0.013542 0.028704
11 0.398958 0.141204 0.013542 0.028704
11 0.793229 0.194907 0.013542 0.028704
11 0.216146 0.682870 0.013542 0.028704
11 0.678646 0.269907 0.013542 0.028704
12 0.304948 0.210185 0.014063 0.033333
12 0.226823 0.580556 0.014063 0.033333
12 0.458594 0.092593 0.014063 0.033333
12 0.264323 0.382407 0.014063 0.033333
12 0.177865 0.662037 0.014063 0.033333
12 0.023177 0.493519 0.014063 0.033333
12 0.233073 0.053704 0.014063 0.033333
12 0.435156 0.981481 0.014063 0.033333
12 0.536719 0.741667 0.014063 0.033333
13 0.586979 0.944444 0.013542 0.027778
13 0.385417 0.925926 0.013542 0.027778
13 0.796875 0.520370 0.013542 0.027778
13 0.313021 0.020370 0.013542 0.027778
13 0.448437 0.811111 0.013542 0.027778
13 0.104167 0.072222 0.013542 0.027778
13 0.361458 0.319444 0.013542 0.027778
13 0.958333 0.854630 0.013542 0.027778
13 0.932292 0.640741 0.013542 0.027778
