0 0.190365 0.339352 0.014063 0.025000
0 0.572656 0.387500 0.014063 0.025000
0 0.405469 0.446759 0.014063 0.025000
1 0.734896 0.355556 0.014583 0.025926
1 0.742188 0.682407 0.014583 0.025926
1 0.885938 0.412963 0.014583 0.025926
1 0.114583 0.940741 0.014583 0.025926
1 0.955208 0.566667 0.014583 0.025926
1 0.596875 0.572222 0.014583 0.025926
1 0.023438 0.508333 0.014583 0.025926
1 0.746354 0.187963 0.014583 0.025926
1 0.618750 0.771296 0.014583 0.025926
1 0.968229 0.519444 0.014583 0.025926
2 0.415885 0.710648 0.015104 0.026852
2 0.796094 0.283796 0.015104 0.026852
2 0.737240 0.077315 0.015104 0.026852
2 0.251823 0.079167 0.015104 0.026852
2 0.956510 0.175463 0.015104 0.026852
2 0.799219 0.779167 0.015104 0.026852
2 0.753906 0.575463 0.015104 0.026852
2 0.681510 0.684722 0.015104 0.026852
3 0.486198 0.362500 0.014063 0.025000
3 0.609115 0.436574 0.014063 0.025000
3 0.660677 0.287500 0.014063 0.025000
4 0.462760 0.450463 0.014063 0.025000
4 0.256510 0.795833 0.014063 0.025000
4 0.475781 0.053241 0.014063 0.025000
4 0.255469 0.252315 0.014063 0.025000
5 0.404687 0.416667 0.013542 0.033333
5 0.192188 0.887037 0.013542 0.033333
6 0.524219 0.233796 0.014063 0.025000
6 0.560156 0.063426 0.014063 0.025000
6 0.939844 0.802315 0.014063 0.025000
6 0.296094 0.187500 0.014063 0.025000
7 0.688021 0.504167 0.013542 0.028704
7 0.948958 0.611574 0.013542 0.028704
7 0.869271 0.667130 0.013542 0.028704
8 0.432292 0.914352 0.012500 0.028704
8 0.734375 0.304167 0.012500 0.028704
8 0.383333 0.680093 0.012500 0.028704
8 0.362500 0.104167 0.012500 0.028704
8 0.713021 0.901389 0.012500 0.028704
8 0.386458 0.908796 0.012500 0.028704
8 0.096354 0.380093 0.012500 0.028704
9 0.913542 0.350926 0.011458 0.027778
9 0.611979 0.622222 0.011458 0.027778
9 0.234896 0.689815 0.011458 0.027778
9 0.905208 0.699074 0.011458 0.027778
9 0.962500 0.112037 0.011458 0.027778
9 0.828125 0.300000 0.011458 0.027778
9 0.110417 0.569444 0.011458 0.027778
10 0.909896 0.107407 0.011458 0.027778
10 0.015625 0.458333 0.011458 0.027778
10 0.081771 0.614815 0.011458 0.027778
10 0.789583 0.829630 0.011458 0.027778
11 0.976042 0.839352 0.013542 0.028704
12 0.007031 0.675926 0.014063 0.033333
12 0.158594 0.952778 0.014063 0.033333
12 0.419010 0.312963 0.014063 0.033333
12 0.047656 0.187963 0.014063 0.033333
12 0.865365 0.745370 0.014063 0.033333
12 0.673698 0.487963 0.014063 0.033333
12 0.257552 0.637037 0.014063 0.033333
12 0.983073 0.753704 0.014063 0.033333
12 0.156510 0.339815 0.014063 0.033333
13 0.073958 0.038889 0.013542 0.027778
13 0.561979 0.521296 0.013542 0.027778
13 0.394792 0.275926 0.013542 0.027778
13 0.017708 0.775000 0.013542 0.027778
13 0.032292 0.186111 0.013542 0.027778
13 0.563021 0.663889 0.013542 0.027778
