0 0.040885 0.224537 0.014063 0.025000
0 0.677865 0.240278 0.014063 0.025000
0 0.192448 0.598611 0.014063 0.025000
0 0.139323 0.689352 0.014063 0.025000
0 0.238802 0.354167 0.014063 0.025000
0 0.530469 0.569907 0.014063 0.025000
0 0.440885 0.518056 0.014063 0.025000
0 0.130990 0.744907 0.014063 0.025000
1 0.944792 0.369444 0.014583 0.025926
1 0.284375 0.857407 0.014583 0.025926
1 0.095833 0.262963 0.014583 0.025926
1 0.531250 0.223148 0.014583 0.025926
1 0.913542 0.889815 0.014583 0.025926
1 0.831250 0.199074 0.014583 0.025926
2 0.089323 0.918056 0.015104 0.026852
2 0.565885 0.025463 0.015104 0.026852
2 0.074740 0.066204 0.015104 0.026852
2 0.137240 0.091204 0.015104 0.026852
2 0.803385 0.387500 0.015104 0.026852
2 0.837240 0.532870 0.015104 0.026852
2 0.833073 0.470833 0.015104 0.026852
2 0.230990 0.891204 0.015104 0.026852
2 0.404427 0.595833 0.015104 0.026852
3 0.743490 0.744907 0.014063 0.025000
3 0.365365 0.265278 0.014063 0.025000
4 0.802344 0.915278 0.014063 0.025000
4 0.399740 0.789352 0.014063 0.025000
4 0.602344 0.147685 0.014063 0.025000
4 0.305469 0.793056 0.014063 0.025000
4 0.962760 0.591204 0.014063 0.025000
4 0.629427 0.690278 0.014063 0.025000
5 0.972917 0.077778 0.013542 0.033333
5 0.714063 0.478704 0.013542 0.033333
5 0.546354 0.767593 0.013542 0.033333
6 0.577344 0.841204 0.014063 0.025000
6 0.444531 0.229167 0.014063 0.025000
7 0.965104 0.804167 0.013542 0.028704
7 0.588542 0.669907 0.013542 0.028704
7 0.216146 0.278241 0.013542 0.028704
7 0.654167 0.504167 0.013542 0.028704
7 0.511458 0.736574 0.013542 0.028704
7 0.022917 0.044907 0.013542 0.028704
7 0.204687 0.119907 0.013542 0.028704
7 0.796875 0.964352 0.013542 0.028704
8 0.710417 0.931944 0.012500 0.028704
9 0.311979 0.045370 0.011458 0.027778
9 0.706771 0.074074 0.011458 0.027778
9 0.807292 0.882407 0.011458 0.027778
9 0.434896 0.687963 0.011458 0.027778
9 0.558854 0.258333 0.011458 0.027778
9 0.845313 0.132407 0.011458 0.027778
9 0.490104 0.916667 0.011458 0.027778
10 0.561979 0.356481 0.011458 0.027778
10 0.390104 0.376852 0.011458 0.027778
10 0.650000 0.537037 0.011458 0.027778
10 0.760417 0.882407 0.011458 0.027778
10 0.125521 0.352778 0.011458 0.027778
10 0.522917 0.455556 0.011458 0.027778
10 0.508333 0.881481 0.011458 0.027778
10 0.728125 0.175926 0.011458 0.027778
11 0.730208 0.231944 0.013542 0.028704
11 0.408333 0.518056 0.013542 0.028704
11 0.834896 0.702315 0.013542 0.028704
11 0.967708 0.968981 0.013542 0.028704
11 0.379167 0.893981 0.013542 0.028704
11 0.383333 0.231944 0.013542 0.028704
11 0.201042 0.721759 0.013542 0.028704
11 0.036458 0.828241 0.013542 0.028704
11 0.702083 0.293981 0.013542 0.028704
11 0.154167 0.554167 0.013542 0.028704
13 0.074479 0.842593 0.013542 0.027778
13 0.836458 0.266667 0.013542 0.027778
13 0.724479 0.430556 0.013542 0.027778
13 0.473958 0.343519 0.013542 0.027778
13 0.171875 0.188889 0.013542 0.027778
13 0.976042 0.255556 0.013542 0.027778
13 0.896354 0.052778 0.013542 0.027778
13 0.972917 0.112963 0.013542 0.027778
