0 0.263281 0.384722 0.014063 0.025000
1 0.194271 0.470370 0.014583 0.025926
1 0.465625 0.329630 0.014583 0.025926
1 0.583854 0.534259 0.014583 0.025926
1 0.365104 0.526852 0.014583 0.025926
1 0.628125 0.894444 0.014583 0.025926
1 0.582292 0.296296 0.014583 0.025926
1 0.424479 0.829630 0.014583 0.025926
1 0.142187 0.117593 0.014583 0.025926
1 0.571354 0.504630 0.014583 0.025926
2 0.213281 0.659722 0.015104 0.026852
2 0.970052 0.506019 0.015104 0.026852
3 0.777344 0.889352 0.014063 0.025000
3 0.082552 0.353241 0.014063 0.025000
3 0.190885 0.306944 0.014063 0.025000
4 0.100781 0.463426 0.014063 0.025000
5 0.979688 0.729630 0.013542 0.033333
5 0.044792 0.787963 0.013542 0.033333
5 0.189583 0.764815 0.013542 0.033333
5 0.725521 0.067593 0.013542 0.033333
5 0.066146 0.421296 0.013542 0.033333
6 0.825781 0.830093 0.014063 0.025000
6 0.947135 0.466204 0.014063 0.025000
6 0.075260 0.199537 0.014063 0.025000
6 0.566927 0.663426 0.014063 0.025000
6 0.772656 0.077315 0.014063 0.025000
6 0.815885 0.453241 0.014063 0.025000
6 0.155469 0.720833 0.014063 0.025000
6 0.945573 0.238426 0.014063 0.025000
6 0.716406 0.714352 0.014063 0.025000
7 0.047917 0.615278 0.013542 0.028704
7 0.529687 0.672685 0.013542 0.028704
8 0.305729 0.569907 0.012500 0.028704
8 0.875521 0.608796 0.012500 0.028704
8 0.241667 0.577315 0.012500 0.028704
8 0.608333 0.642130 0.012500 0.028704
9 0.588021 0.750926 0.011458 0.027778
9 0.653125 0.362037 0.011458 0.027778
9 0.429167 0.333333 0.011458 0.027778
9 0.208854 0.463889 0.011458 0.027778
9 0.786979 0.221296 0.011458 0.027778
9 0.299479 0.069444 0.011458 0.027778
9 0.043229 0.169444 0.011458 0.027778
9 0.162500 0.827778 0.011458 0.027778
9 0.534375 0.733333 0.011458 0.027778
9 0.926042 0.594444 0.011458 0.027778
10 0.741667 0.962037 0.011458 0.027778
11 0.519271 0.778241 0.013542 0.028704
11 0.229687 0.735648 0.013542 0.028704
11 0.256250 0.131944 0.013542 0.028704
11 0.769271 0.428241 0.013542 0.028704
12 0.483594 0.730556 0.014063 0.033333
12 0.411198 0.729630 0.014063 0.033333
12 0.472656 0.766667 0.014063 0.033333
12 0.132552 0.763889 0.014063 0.033333
12 0.957552 0.036111 0.014063 0.033333
12 0.054948 0.976852 0.014063 0.033333
13 0.686458 0.401852 0.013542 0.027778
13 0.489583 0.290741 0.013542 0.027778
13 0.306771 0.864815 0.013542 0.027778
13 0.451562 0.467593 0.013542 0.027778
13 0.346354 0.885185 0.013542 0.027778
13 0.927604 0.765741 0.013542 0.027778
