0 0.433073 0.283796 0.014063 0.025000
0 0.238802 0.360648 0.014063 0.025000
0 0.654427 0.619907 0.014063 0.025000
0 0.646094 0.697685 0.014063 0.025000
0 0.580990 0.733796 0.014063 0.025000
0 0.163802 0.720833 0.014063 0.025000
0 0.860156 0.531944 0.014063 0.025000
0 0.113802 0.188426 0.014063 0.025000
0 0.025781 0.589352 0.014063 0.025000
0 0.470573 0.606944 0.014063 0.025000
1 0.494271 0.562963 0.014583 0.025926
1 0.107813 0.595370 0.014583 0.025926
1 0.602083 0.661111 0.014583 0.025926
1 0.637500 0.306481 0.014583 0.025926
1 0.882292 0.633333 0.014583 0.025926
1 0.046875 0.548148 0.014583 0.025926
1 0.268229 0.573148 0.014583 0.025926
1 0.988021 0.425000 0.014583 0.025926
1 0.170833 0.781481 0.014583 0.025926
2 0.707031 0.616204 0.015104 0.026852
2 0.314323 0.107870 0.015104 0.026852
2 0.500781 0.631944 0.015104 0.026852
2 0.840365 0.104167 0.015104 0.026852
2 0.696094 0.561574 0.015104 0.026852
2 0.695573 0.287500 0.015104 0.026852
2 0.933073 0.614352 0.015104 0.026852
3 0.316927 0.016204 0.014063 0.025000
4 0.152865 0.968056 0.014063 0.025000
4 0.464844 0.327315 0.014063 0.025000
4 0.026302 0.807870 0.014063 0.025000
4 0.114844 0.267130 0.014063 0.025000
4 0.258073 0.545833 0.014063 0.025000
4 0.946615 0.701389 0.014063 0.025000
4 0.927344 0.206944 0.014063 0.025000
4 0.440365 0.055093 0.014063 0.025000
5 0.455729 0.796296 0.013542 0.033333
5 0.809375 0.766667 0.013542 0.033333
6 0.859635 0.270833 0.014063 0.025000
6 0.315365 0.415278 0.014063 0.025000
6 0.591927 0.872685 0.014063 0.025000
6 0.544010 0.900463 0.014063 0.025000
6 0.025260 0.833796 0.014063 0.025000
6 0.813281 0.387500 0.014063 0.025000
6 0.116927 0.493981 0.014063 0.025000
6 0.801823 0.360648 0.014063 0.025000
6 0.698177 0.055093 0.014063 0.025000
6 0.940885 0.956944 0.014063 0.025000
7 0.832292 0.725463 0.013542 0.028704
7 0.622917 0.509722 0.013542 0.028704
7 0.498958 0.819907 0.013542 0.028704
7 0.103125 0.643981 0.013542 0.028704
7 0.464583 0.107870 0.013542 0.028704
7 0.829688 0.501389 0.013542 0.028704
7 0.575000 0.763426 0.013542 0.028704
8 0.127083 0.944907 0.012500 0.028704
9 0.179167 0.112037 0.011458 0.027778
9 0.728125 0.035185 0.011458 0.027778
9 0.476562 0.404630 0.011458 0.027778
10 0.029687 0.233333 0.011458 0.027778
10 0.387500 0.639815 0.011458 0.027778
10 0.406250 0.149074 0.011458 0.027778
10 0.363021 0.275926 0.011458 0.027778
10 0.005729 0.472222 0.011458 0.027778
10 0.603125 0.496296 0.011458 0.027778
10 0.481771 0.268519 0.011458 0.027778
11 0.697396 0.717130 0.013542 0.028704
11 0.554688 0.401389 0.013542 0.028704
12 0.520052 0.450926 0.014063 0.033333
13 0.081771 0.945370 0.013542 0.027778
13 0.115104 0.811111 0.013542 0.027778
13 0.852604 0.662037 0.013542 0.027778
13 0.048958 0.778704 0.013542 0.027778
