0 0.827865 0.677315 0.014063 0.025000
0 0.557552 0.245833 0.014063 0.025000
0 0.728385 0.122685 0.014063 0.025000
0 0.714844 0.191204 0.014063 0.025000
0 0.796094 0.822685 0.014063 0.025000
0 0.697135 0.499537 0.014063 0.025000
0 0.909635 0.534722 0.014063 0.025000
0 0.423698 0.984722 0.014063 0.025000
0 0.496094 0.979167 0.014063 0.025000
0 0.269010 0.569907 0.014063 0.025000
1 0.558333 0.792593 0.014583 0.025926
1 0.387500 0.696296 0.014583 0.025926
1 0.631771 0.125000 0.014583 0.025926
1 0.410417 0.233333 0.014583 0.025926
1 0.444792 0.252778 0.014583 0.025926
1 0.597917 0.766667 0.014583 0.025926
1 0.790625 0.885185 0.014583 0.025926
1 0.116667 0.552778 0.014583 0.025926
2 0.790365 0.678241 0.015104 0.026852
2 0.462240 0.936574 0.015104 0.026852
3 0.836719 0.553241 0.014063 0.025000
3 0.578385 0.541204 0.014063 0.025000
4 0.246615 0.226389 0.014063 0.025000
4 0.545573 0.551389 0.014063 0.025000
4 0.725260 0.372685 0.014063 0.025000
4 0.120052 0.489352 0.014063 0.025000
4 0.952344 0.389352 0.014063 0.025000
4 0.743490 0.603241 0.014063 0.025000
4 0.144531 0.415278 0.014063 0.025000
4 0.427865 0.624537 0.014063 0.025000
5 0.947396 0.812963 0.013542 0.033333
5 0.097396 0.131481 0.013542 0.033333
6 0.404427 0.725463 0.014063 0.025000
6 0.253906 0.106019 0.014063 0.025000
6 0.691406 0.152315 0.014063 0.025000
6 0.410677 0.388426 0.014063 0.025000
6 0.122135 0.787500 0.014063 0.025000
7 0.284375 0.786574 0.013542 0.028704
7 0.413542 0.028241 0.013542 0.028704
7 0.095312 0.054167 0.013542 0.028704
7 0.328646 0.265278 0.013542 0.028704
7 0.534896 0.431019 0.013542 0.028704
7 0.594792 0.207870 0.013542 0.028704
7 0.206250 0.456019 0.013542 0.028704
8 0.961458 0.024537 0.012500 0.028704
8 0.637500 0.574537 0.012500 0.028704
8 0.072396 0.323611 0.012500 0.028704
8 0.363542 0.958796 0.012500 0.028704
8 0.929688 0.265278 0.012500 0.028704
8 0.630729 0.767130 0.012500 0.028704
8 0.654167 0.276389 0.012500 0.028704
8 0.897396 0.304167 0.012500 0.028704
9 0.095833 0.907407 0.011458 0.027778
9 0.082812 0.917593 0.011458 0.027778
9 0.390625 0.954630 0.011458 0.027778
9 0.447396 0.116667 0.011458 0.027778
9 0.961979 0.471296 0.011458 0.027778
9 0.180208 0.094444 0.011458 0.027778
9 0.622396 0.799074 0.011458 0.027778
9 0.926562 0.420370 0.011458 0.027778
10 0.248438 0.581481 0.011458 0.027778
12 0.232552 0.798148 0.014063 0.033333
13 0.752083 0.172222 0.013542 0.027778
