0 0.436719 0.803241 0.014063 0.025000
0 0.952344 0.507870 0.014063 0.025000
0 0.637760 0.042130 0.014063 0.025000
0 0.354427 0.900463 0.014063 0.025000
1 0.671875 0.296296 0.014583 0.025926
1 0.985938 0.892593 0.014583 0.025926
1 0.843750 0.978704 0.014583 0.025926
1 0.675000 0.851852 0.014583 0.025926
1 0.082812 0.861111 0.014583 0.025926
2 0.159115 0.731944 0.015104 0.026852
2 0.673177 0.065278 0.015104 0.026852
2 0.783594 0.389352 0.015104 0.026852
2 0.707031 0.736574 0.015104 0.026852
2 0.392969 0.136574 0.015104 0.026852
2 0.826302 0.507870 0.015104 0.026852
2 0.387240 0.223611 0.015104 0.026852
4 0.350260 0.822685 0.014063 0.025000
4 0.697135 0.689352 0.014063 0.025000
4 0.811719 0.806944 0.014063 0.025000
4 0.153906 0.414352 0.014063 0.025000
4 0.207031 0.331019 0.014063 0.025000
4 0.221615 0.209722 0.014063 0.025000
5 0.507812 0.821296 0.013542 0.033333
5 0.900521 0.493519 0.013542 0.033333
5 0.753125 0.409259 0.013542 0.033333
6 0.060156 0.393056 0.014063 0.025000
6 0.748177 0.654167 0.014063 0.025000
6 0.121094 0.971759 0.014063 0.025000
6 0.490365 0.703241 0.014063 0.025000
6 0.479948 0.030093 0.014063 0.025000
6 0.258073 0.356019 0.014063 0.025000
6 0.358073 0.487500 0.014063 0.025000
6 0.515885 0.589352 0.014063 0.025000
6 0.183073 0.381944 0.014063 0.025000
7 0.530729 0.171759 0.013542 0.028704
7 0.319271 0.147685 0.013542 0.028704
7 0.265104 0.409722 0.013542 0.028704
7 0.570833 0.149537 0.013542 0.028704
7 0.832812 0.871759 0.013542 0.028704
7 0.391667 0.893981 0.013542 0.028704
8 0.737500 0.927315 0.012500 0.028704
8 0.920312 0.506944 0.012500 0.028704
9 0.904167 0.305556 0.011458 0.027778
10 0.888021 0.572222 0.011458 0.027778
10 0.438542 0.190741 0.011458 0.027778
10 0.598958 0.293519 0.011458 0.027778
10 0.276562 0.731481 0.011458 0.027778
10 0.363021 0.296296 0.011458 0.027778
12 0.465885 0.108333 0.014063 0.033333
12 0.949740 0.901852 0.014063 0.033333
12 0.355469 0.641667 0.014063 0.033333
12 0.451823 0.496296 0.014063 0.033333
12 0.967448 0.032407 0.014063 0.033333
12 0.570052 0.914815 0.014063 0.033333
12 0.180469 0.919444 0.014063 0.033333
12 0.963802 0.969444 0.014063 0.033333
12 0.061719 0.244444 0.014063 0.033333
12 0.676823 0.593519 0.014063 0.033333
13 0.467708 0.521296 0.013542 0.027778
13 0.421354 0.124074 0.013542 0.027778
13 0.551042 0.098148 0.013542 0.027778
