1 0.229167 0.968519 0.014583 0.025926
2 0.625260 0.390278 0.015104 0.026852
2 0.825260 0.838426 0.015104 0.026852
2 0.602344 0.651389 0.015104 0.026852
2 0.528906 0.642130 0.015104 0.026852
2 0.574740 0.612500 0.015104 0.026852
2 0.030469 0.963426 0.015104 0.026852
2 0.396615 0.721759 0.015104 0.026852
2 0.185677 0.620833 0.015104 0.026852
3 0.209115 0.104167 0.014063 0.025000
3 0.436198 0.516204 0.014063 0.025000
3 0.169010 0.974537 0.014063 0.025000
3 0.450781 0.714352 0.014063 0.025000
3 0.748698 0.616204 0.014063 0.025000
3 0.018490 0.401389 0.014063 0.025000
3 0.082552 0.979167 0.014063 0.025000
3 0.037760 0.838426 0.014063 0.025000
3 0.140365 0.885648 0.014063 0.025000
3 0.575781 0.857870 0.014063 0.025000
4 0.801302 0.342130 0.014063 0.025000
4 0.771094 0.392130 0.014063 0.025000
4 0.398698 0.419907 0.014063 0.025000
4 0.438802 0.169907 0.014063 0.025000
4 0.257552 0.232870 0.014063 0.025000
5 0.311458 0.334259 0.013542 0.033333
5 0.959375 0.612963 0.013542 0.033333
5 0.589063 0.293519 0.013542 0.033333
5 0.358854 0.497222 0.013542 0.033333
5 0.259896 0.887963 0.013542 0.033333
5 0.135937 0.575926 0.013542 0.033333
5 0.165104 0.757407 0.013542 0.033333
5 0.701042 0.120370 0.013542 0.033333
5 0.375000 0.228704 0.013542 0.033333
5 0.302604 0.910185 0.013542 0.033333
6 0.737240 0.934722 0.014063 0.025000
7 0.410417 0.943981 0.013542 0.028704
8 0.879167 0.442130 0.012500 0.028704
8 0.928125 0.539352 0.012500 0.028704
8 0.937500 0.142130 0.012500 0.028704
8 0.193229 0.495833 0.012500 0.028704
8 0.873958 0.262500 0.012500 0.028704
8 0.670312 0.314352 0.012500 0.028704
8 0.604688 0.813426 0.012500 0.028704
9 0.906771 0.839815 0.011458 0.027778
9 0.711979 0.757407 0.011458 0.027778
9 0.492188 0.287037 0.011458 0.027778
9 0.066146 0.833333 0.011458 0.027778
9 0.718750 0.175000 0.011458 0.027778
9 0.200000 0.344444 0.011458 0.027778
9 0.408333 0.363889 0.011458 0.027778
9 0.869792 0.014815 0.011458 0.027778
9 0.969271 0.935185 0.011458 0.027778
10 0.084375 0.532407 0.011458 0.027778
10 0.388021 0.590741 0.011458 0.027778
10 0.189062 0.822222 0.011458 0.027778
11 0.583333 0.412500 0.013542 0.028704
11 0.617188 0.595833 0.013542 0.028704
11 0.425000 0.469907 0.013542 0.028704
11 0.137500 0.460648 0.013542 0.028704
11 0.429688 0.668056 0.013542 0.028704
11 0.807813 0.135648 0.013542 0.028704
11 0.042188 0.437500 0.013542 0.028704
11 0.552083 0.532870 0.013542 0.028704
11 0.552083 0.936574 0.013542 0.028704
12 0.554948 0.869444 0.014063 0.033333
12 0.344010 0.694444 0.014063 0.033333
12 0.403906 0.187963 0.014063 0.033333
