0 0.700260 0.665278 0.014063 0.025000
0 0.151823 0.654167 0.014063 0.025000
0 0.312760 0.155093 0.014063 0.025000
0 0.798698 0.300463 0.014063 0.025000
0 0.863802 0.814352 0.014063 0.025000
0 0.055990 0.137500 0.014063 0.025000
0 0.390885 0.323611 0.014063 0.025000
0 0.421094 0.516204 0.014063 0.025000
0 0.909635 0.871759 0.014063 0.025000
1 0.352083 0.229630 0.014583 0.025926
1 0.743750 0.216667 0.014583 0.025926
3 0.139844 0.377315 0.014063 0.025000
3 0.461719 0.296759 0.014063 0.025000
3 0.600781 0.831944 0.014063 0.025000
3 0.267969 0.832870 0.014063 0.025000
3 0.048698 0.922685 0.014063 0.025000
3 0.642969 0.174537 0.014063 0.025000
3 0.814844 0.943981 0.014063 0.025000
3 0.209635 0.240278 0.014063 0.025000
3 0.024219 0.042130 0.014063 0.025000
5 0.141146 0.175000 0.013542 0.033333
5 0.977083 0.061111 0.013542 0.033333
5 0.338542 0.397222 0.013542 0.033333
5 0.217188 0.469444 0.013542 0.033333
5 0.555729 0.292593 0.013542 0.033333
5 0.264583 0.230556 0.013542 0.033333
5 0.334375 0.119444 0.013542 0.033333
6 0.954427 0.674537 0.014063 0.025000
6 0.133594 0.768056 0.014063 0.025000
6 0.409115 0.367130 0.014063 0.025000
6 0.889844 0.846759 0.014063 0.025000
6 0.502344 0.719907 0.014063 0.025000
6 0.124740 0.593056 0.014063 0.025000
6 0.685677 0.644907 0.014063 0.025000
7 0.534375 0.665278 0.013542 0.028704
7 0.431771 0.577315 0.013542 0.028704
7 0.858854 0.439352 0.013542 0.028704
7 0.790104 0.206944 0.013542 0.028704
7 0.784375 0.338426 0.013542 0.028704
7 0.089063 0.457870 0.013542 0.028704
7 0.432812 0.868056 0.013542 0.028704
7 0.917188 0.407870 0.013542 0.028704
8 0.088021 0.080093 0.012500 0.028704
8 0.907292 0.610648 0.012500 0.028704
8 0.564063 0.955093 0.012500 0.028704
8 0.439063 0.720833 0.012500 0.028704
8 0.191667 0.141204 0.012500 0.028704
8 0.871354 0.729167 0.012500 0.028704
10 0.173958 0.087037 0.011458 0.027778
10 0.956250 0.339815 0.011458 0.027778
10 0.548438 0.261111 0.011458 0.027778
10 0.322396 0.308333 0.011458 0.027778
10 0.009896 0.187037 0.011458 0.027778
11 0.041667 0.612500 0.013542 0.028704
11 0.373437 0.228241 0.013542 0.028704
11 0.832292 0.128241 0.013542 0.028704
11 0.077083 0.830093 0.013542 0.028704
11 0.583854 0.479167 0.013542 0.028704
12 0.980990 0.326852 0.014063 0.033333
13 0.248958 0.527778 0.013542 0.027778
13 0.513542 0.579630 0.013542 0.027778
13 0.860938 0.762963 0.013542 0.027778
13 0.840104 0.475000 0.013542 0.027778
13 0.695833 0.261111 0.013542 0.027778
13 0.529687 0.535185 0.013542 0.027778
13 0.397917 0.114815 0.013542 0.027778
13 0.304688 0.028704 0.013542 0.027778
13 0.615104 0.051852 0.013542 0.027778
13 0.174479 0.298148 0.013542 0.027778
