1 0.905208 0.879630 0.014583 0.025926
1 0.157812 0.467593 0.014583 0.025926
1 0.260417 0.278704 0.014583 0.025926
2 0.261198 0.975463 0.015104 0.026852
2 0.291927 0.181019 0.015104 0.026852
2 0.424740 0.254167 0.015104 0.026852
2 0.426302 0.193056 0.015104 0.026852
2 0.951302 0.657870 0.015104 0.026852
2 0.790885 0.110648 0.015104 0.026852
2 0.173698 0.881019 0.015104 0.026852
2 0.442969 0.376389 0.015104 0.026852
3 0.766927 0.212500 0.014063 0.025000
3 0.010677 0.278241 0.014063 0.025000
3 0.820573 0.640278 0.014063 0.025000
3 0.954427 0.531019 0.014063 0.025000
3 0.665365 0.493056 0.014063 0.025000
3 0.023177 0.031019 0.014063 0.025000
3 0.597656 0.666204 0.014063 0.025000
3 0.852344 0.601389 0.014063 0.025000
3 0.096615 0.490278 0.014063 0.025000
3 0.692448 0.576389 0.014063 0.025000
4 0.134115 0.543056 0.014063 0.025000
4 0.111198 0.428241 0.014063 0.025000
4 0.987240 0.343056 0.014063 0.025000
4 0.033073 0.958796 0.014063 0.025000
4 0.652865 0.270833 0.014063 0.025000
4 0.865885 0.852315 0.014063 0.025000
5 0.755208 0.941667 0.013542 0.033333
5 0.525000 0.628704 0.013542 0.033333
5 0.360938 0.269444 0.013542 0.033333
5 0.773438 0.107407 0.013542 0.033333
5 0.560937 0.716667 0.013542 0.033333
6 0.363802 0.618981 0.014063 0.025000
6 0.148177 0.338426 0.014063 0.025000
6 0.400260 0.469907 0.014063 0.025000
6 0.880469 0.792130 0.014063 0.025000
6 0.012760 0.744907 0.014063 0.025000
6 0.442969 0.220833 0.014063 0.025000
6 0.604427 0.542130 0.014063 0.025000
7 0.751042 0.344907 0.013542 0.028704
7 0.233854 0.044907 0.013542 0.028704
7 0.321875 0.670833 0.013542 0.028704
7 0.527083 0.090278 0.013542 0.028704
9 0.243750 0.173148 0.011458 0.027778
9 0.615625 0.142593 0.011458 0.027778
9 0.516667 0.342593 0.011458 0.027778
9 0.558854 0.295370 0.011458 0.027778
9 0.478646 0.696296 0.011458 0.027778
9 0.919792 0.232407 0.011458 0.027778
9 0.507812 0.290741 0.011458 0.027778
9 0.565625 0.943519 0.011458 0.027778
9 0.746354 0.243519 0.011458 0.027778
9 0.981250 0.087963 0.011458 0.027778
10 0.822917 0.356481 0.011458 0.027778
10 0.147396 0.793519 0.011458 0.027778
10 0.328646 0.122222 0.011458 0.027778
10 0.975000 0.964815 0.011458 0.027778
10 0.081771 0.559259 0.011458 0.027778
10 0.758333 0.697222 0.011458 0.027778
10 0.198958 0.202778 0.011458 0.027778
10 0.796875 0.288889 0.011458 0.027778
10 0.016146 0.223148 0.011458 0.027778
11 0.710417 0.724537 0.013542 0.028704
11 0.635938 0.599537 0.013542 0.028704
11 0.403125 0.301389 0.013542 0.028704
11 0.739583 0.628241 0.013542 0.028704
11 0.225000 0.288426 0.013542 0.028704
11 0.971875 0.653241 0.013542 0.028704
12 0.589323 0.971296 0.014063 0.033333
12 0.388281 0.809259 0.014063 0.033333
12 0.449219 0.914815 0.014063 0.033333
12 0.675781 0.023148 0.014063 0.033333
12 0.722656 0.966667 0.014063 0.033333
13 0.468750 0.571296 0.013542 0.027778
13 0.196875 0.919444 0.013542 0.027778
13 0.720833 0.499074 0.013542 0.027778
13 0.295312 0.062037 0.013542 0.027778
13 0.891146 0.025926 0.013542 0.027778
13 0.056771 0.648148 0.013542 0.027778
