0 0.669010 0.792130 0.014063 0.025000
0 0.703906 0.809722 0.014063 0.025000
0 0.390365 0.389352 0.014063 0.025000
0 0.519010 0.390278 0.014063 0.025000
0 0.613281 0.208796 0.014063 0.025000
1 0.140104 0.523148 0.014583 0.025926
1 0.953646 0.925926 0.014583 0.025926
2 0.259115 0.443056 0.015104 0.026852
2 0.244010 0.211574 0.015104 0.026852
2 0.958073 0.756019 0.015104 0.026852
4 0.323177 0.500463 0.014063 0.025000
4 0.866406 0.781944 0.014063 0.025000
4 0.894010 0.506944 0.014063 0.025000
4 0.030990 0.778241 0.014063 0.025000
4 0.085677 0.286574 0.014063 0.025000
4 0.845052 0.357870 0.014063 0.025000
4 0.428385 0.216204 0.014063 0.025000
4 0.549219 0.745833 0.014063 0.025000
4 0.204427 0.510648 0.014063 0.025000
4 0.905469 0.905093 0.014063 0.025000
5 0.925000 0.046296 0.013542 0.033333
5 0.285417 0.873148 0.013542 0.033333
5 0.468750 0.909259 0.013542 0.033333
5 0.379688 0.899074 0.013542 0.033333
5 0.317188 0.049074 0.013542 0.033333
5 0.520312 0.460185 0.013542 0.033333
5 0.515625 0.729630 0.013542 0.033333
5 0.526042 0.535185 0.013542 0.033333
6 0.652344 0.977315 0.014063 0.025000
6 0.311198 0.569907 0.014063 0.025000
6 0.784115 0.049537 0.014063 0.025000
6 0.976823 0.272685 0.014063 0.025000
6 0.886198 0.549537 0.014063 0.025000
6 0.334115 0.371759 0.014063 0.025000
6 0.858073 0.539352 0.014063 0.025000
6 0.612240 0.916204 0.014063 0.025000
6 0.146615 0.068056 0.014063 0.025000
7 0.652083 0.076389 0.013542 0.028704
7 0.432812 0.652315 0.013542 0.028704
10 0.567187 0.251852 0.011458 0.027778
11 0.499479 0.486574 0.013542 0.028704
11 0.689063 0.742130 0.013542 0.028704
11 0.142708 0.465278 0.013542 0.028704
11 0.260937 0.341204 0.013542 0.028704
11 0.910417 0.184722 0.013542 0.028704
11 0.121354 0.619907 0.013542 0.028704
11 0.079687 0.169907 0.013542 0.028704
12 0.645573 0.741667 0.014063 0.033333
12 0.661719 0.147222 0.014063 0.033333
12 0.448698 0.896296 0.014063 0.033333
12 0.950260 0.501852 0.014063 0.033333
12 0.540885 0.875926 0.014063 0.033333
12 0.074219 0.546296 0.014063 0.033333
12 0.979427 0.774074 0.014063 0.033333
12 0.938281 0.601852 0.014063 0.033333
12 0.525781 0.803704 0.014063 0.033333
12 0.570573 0.483333 0.014063 0.033333
13 0.350000 0.299074 0.013542 0.027778
13 0.063021 0.485185 0.013542 0.027778
