0 0.582031 0.702315 0.014063 0.025000
0 0.446615 0.096759 0.014063 0.025000
0 0.261198 0.293056 0.014063 0.025000
0 0.279948 0.966204 0.014063 0.025000
0 0.130990 0.333796 0.014063 0.025000
0 0.013802 0.657870 0.014063 0.025000
0 0.513802 0.893056 0.014063 0.025000
1 0.230208 0.827778 0.014583 0.025926
1 0.253125 0.682407 0.014583 0.025926
1 0.122396 0.386111 0.014583 0.025926
1 0.737500 0.525926 0.014583 0.025926
2 0.021615 0.726389 0.015104 0.026852
2 0.612240 0.551389 0.015104 0.026852
2 0.375781 0.662500 0.015104 0.026852
2 0.129948 0.438426 0.015104 0.026852
2 0.227344 0.917130 0.015104 0.026852
2 0.208073 0.986574 0.015104 0.026852
2 0.484115 0.224537 0.015104 0.026852
2 0.374740 0.809722 0.015104 0.026852
2 0.780469 0.128241 0.015104 0.026852
3 0.295052 0.435648 0.014063 0.025000
3 0.221615 0.139352 0.014063 0.025000
3 0.075781 0.760648 0.014063 0.025000
3 0.672656 0.417130 0.014063 0.025000
4 0.930469 0.519907 0.014063 0.025000
4 0.231510 0.574537 0.014063 0.025000
4 0.486198 0.915278 0.014063 0.025000
5 0.825000 0.919444 0.013542 0.033333
5 0.116146 0.300000 0.013542 0.033333
5 0.715625 0.982407 0.013542 0.033333
5 0.974479 0.473148 0.013542 0.033333
5 0.617708 0.946296 0.013542 0.033333
5 0.595833 0.769444 0.013542 0.033333
5 0.641146 0.267593 0.013542 0.033333
5 0.807292 0.648148 0.013542 0.033333
5 0.166146 0.662037 0.013542 0.033333
5 0.044792 0.922222 0.013542 0.033333
6 0.284115 0.363426 0.014063 0.025000
6 0.721615 0.665278 0.014063 0.025000
6 0.446094 0.567130 0.014063 0.025000
6 0.873698 0.041204 0.014063 0.025000
6 0.326823 0.046759 0.014063 0.025000
6 0.209635 0.556019 0.014063 0.025000
6 0.992448 0.408796 0.014063 0.025000
6 0.165365 0.278241 0.014063 0.025000
6 0.939844 0.318056 0.014063 0.025000
6 0.969010 0.391204 0.014063 0.025000
7 0.816667 0.828241 0.013542 0.028704
7 0.900521 0.958796 0.013542 0.028704
7 0.018229 0.313426 0.013542 0.028704
7 0.434896 0.766204 0.013542 0.028704
7 0.247396 0.101389 0.013542 0.028704
8 0.479167 0.812500 0.012500 0.028704
8 0.250000 0.606944 0.012500 0.028704
8 0.857812 0.057870 0.012500 0.028704
8 0.730729 0.281944 0.012500 0.028704
8 0.309896 0.297685 0.012500 0.028704
8 0.644792 0.519907 0.012500 0.028704
8 0.883333 0.425463 0.012500 0.028704
8 0.198437 0.688426 0.012500 0.028704
8 0.709896 0.731944 0.012500 0.028704
8 0.409896 0.813426 0.012500 0.028704
9 0.696354 0.770370 0.011458 0.027778
9 0.519271 0.608333 0.011458 0.027778
9 0.784375 0.480556 0.011458 0.027778
9 0.291146 0.885185 0.011458 0.027778
9 0.312500 0.829630 0.011458 0.027778
9 0.714063 0.524074 0.011458 0.027778
9 0.374479 0.321296 0.011458 0.027778
9 0.247396 0.523148 0.011458 0.027778
10 0.096875 0.013889 0.011458 0.027778
10 0.181250 0.572222 0.011458 0.027778
10 0.952083 0.485185 0.011458 0.027778
10 0.132812 0.488889 0.011458 0.027778
11 0.873437 0.356944 0.013542 0.028704
11 0.230208 0.869907 0.013542 0.028704
11 0.355729 0.804167 0.013542 0.028704
11 0.091667 0.476389 0.013542 0.028704
11 0.593229 0.340278 0.013542 0.028704
11 0.059375 0.667130 0.013542 0.028704
11 0.916667 0.117130 0.013542 0.028704
11 0.901042 0.237500 0.013542 0.028704
11 0.172917 0.023611 0.013542 0.028704
11 0.503646 0.831019 0.013542 0.028704
12 0.090365 0.131481 0.014063 0.033333
12 0.465365 0.774074 0.014063 0.033333
12 0.277344 0.507407 0.014063 0.033333
12 0.455990 0.139815 0.014063 0.033333
13 0.795833 0.952778 0.013542 0.027778
13 0.560937 0.409259 0.013542 0.027778
13 0.571875 0.742593 0.013542 0.027778
13 0.597396 0.985185 0.013542 0.027778
13 0.667708 0.310185 0.013542 0.027778
