0 0.898177 0.680093 0.014063 0.025000
0 0.674740 0.756944 0.014063 0.025000
0 0.418490 0.435648 0.014063 0.025000
0 0.517969 0.563426 0.014063 0.025000
0 0.938281 0.972685 0.014063 0.025000
1 0.818750 0.210185 0.014583 0.025926
1 0.921875 0.202778 0.014583 0.025926
1 0.764062 0.728704 0.014583 0.025926
1 0.952604 0.535185 0.014583 0.025926
1 0.404687 0.392593 0.014583 0.025926
1 0.919271 0.470370 0.014583 0.025926
2 0.887240 0.332870 0.015104 0.026852
2 0.366927 0.351389 0.015104 0.026852
2 0.217969 0.092130 0.015104 0.026852
2 0.418490 0.552315 0.015104 0.026852
3 0.017969 0.290278 0.014063 0.025000
3 0.592448 0.167130 0.014063 0.025000
3 0.194010 0.457870 0.014063 0.025000
3 0.469531 0.054167 0.014063 0.025000
3 0.923177 0.962500 0.014063 0.025000
4 0.508594 0.531019 0.014063 0.025000
4 0.735677 0.377315 0.014063 0.025000
4 0.059115 0.254167 0.014063 0.025000
4 0.142448 0.960648 0.014063 0.025000
4 0.551823 0.502315 0.014063 0.025000
5 0.254167 0.064815 0.013542 0.033333
5 0.710938 0.934259 0.013542 0.033333
5 0.165625 0.863889 0.013542 0.033333
5 0.836979 0.886111 0.013542 0.033333
5 0.597396 0.699074 0.013542 0.033333
5 0.651563 0.887963 0.013542 0.033333
5 0.626563 0.344444 0.013542 0.033333
5 0.072917 0.115741 0.013542 0.033333
5 0.398438 0.351852 0.013542 0.033333
5 0.982292 0.772222 0.013542 0.033333
6 0.916927 0.701389 0.014063 0.025000
6 0.312760 0.979167 0.014063 0.025000
8 0.569792 0.779167 0.012500 0.028704
8 0.161458 0.985648 0.012500 0.028704
8 0.322396 0.634722 0.012500 0.028704
8 0.418750 0.843981 0.012500 0.028704
8 0.373437 0.189352 0.012500 0.028704
8 0.901563 0.863426 0.012500 0.028704
8 0.990104 0.080093 0.012500 0.028704
8 0.835938 0.968056 0.012500 0.028704
8 0.896875 0.609722 0.012500 0.028704
8 0.412500 0.730093 0.012500 0.028704
9 0.122396 0.187037 0.011458 0.027778
9 0.800521 0.257407 0.011458 0.027778
9 0.017188 0.202778 0.011458 0.027778
9 0.517708 0.455556 0.011458 0.027778
9 0.944271 0.185185 0.011458 0.027778
10 0.231250 0.495370 0.011458 0.027778
10 0.921354 0.427778 0.011458 0.027778
10 0.520312 0.749074 0.011458 0.027778
10 0.943750 0.581481 0.011458 0.027778
10 0.514062 0.264815 0.011458 0.027778
10 0.417708 0.162037 0.011458 0.027778
10 0.661979 0.268519 0.011458 0.027778
10 0.464583 0.299074 0.011458 0.027778
10 0.607292 0.264815 0.011458 0.027778
10 0.868750 0.502778 0.011458 0.027778
11 0.806771 0.574537 0.013542 0.028704
11 0.135417 0.471759 0.013542 0.028704
11 0.102083 0.944907 0.013542 0.028704
11 0.353125 0.806944 0.013542 0.028704
11 0.347396 0.885648 0.013542 0.028704
11 0.116667 0.033796 0.013542 0.028704
11 0.406250 0.881944 0.013542 0.028704
11 0.868229 0.255093 0.013542 0.028704
11 0.372917 0.293056 0.013542 0.028704
12 0.762760 0.568519 0.014063 0.033333
12 0.050260 0.965741 0.014063 0.033333
12 0.896615 0.124074 0.014063 0.033333
12 0.526823 0.863889 0.014063 0.033333
13 0.545833 0.083333 0.013542 0.027778
13 0.432812 0.285185 0.013542 0.027778
