0 0.248177 0.436574 0.014063 0.025000
0 0.321615 0.268056 0.014063 0.025000
1 0.692708 0.608333 0.014583 0.025926
1 0.186458 0.363889 0.014583 0.025926
1 0.555729 0.979630 0.014583 0.025926
1 0.620313 0.387963 0.014583 0.025926
1 0.448437 0.354630 0.014583 0.025926
1 0.967187 0.827778 0.014583 0.025926
2 0.788281 0.670833 0.015104 0.026852
2 0.329948 0.556944 0.015104 0.026852
2 0.049219 0.364352 0.015104 0.026852
2 0.510156 0.836574 0.015104 0.026852
2 0.589323 0.924537 0.015104 0.026852
2 0.182552 0.606944 0.015104 0.026852
2 0.855469 0.739352 0.015104 0.026852
2 0.310677 0.588426 0.015104 0.026852
2 0.704948 0.212500 0.015104 0.026852
3 0.530469 0.056944 0.014063 0.025000
3 0.420052 0.396759 0.014063 0.025000
3 0.037760 0.984722 0.014063 0.025000
4 0.792969 0.819907 0.014063 0.025000
4 0.222135 0.203241 0.014063 0.025000
4 0.035677 0.604167 0.014063 0.025000
4 0.348177 0.138426 0.014063 0.025000
4 0.983594 0.017130 0.014063 0.025000
4 0.667448 0.974537 0.014063 0.025000
5 0.545833 0.118519 0.013542 0.033333
5 0.536979 0.895370 0.013542 0.033333
5 0.677604 0.862037 0.013542 0.033333
5 0.396875 0.848148 0.013542 0.033333
5 0.298438 0.137963 0.013542 0.033333
5 0.750521 0.926852 0.013542 0.033333
5 0.802604 0.576852 0.013542 0.033333
5 0.436979 0.536111 0.013542 0.033333
5 0.635938 0.188889 0.013542 0.033333
6 0.260677 0.586574 0.014063 0.025000
6 0.385677 0.113426 0.014063 0.025000
6 0.024219 0.183796 0.014063 0.025000
6 0.361198 0.830093 0.014063 0.025000
6 0.617969 0.653241 0.014063 0.025000
7 0.230729 0.563426 0.013542 0.028704
7 0.525521 0.356944 0.013542 0.028704
7 0.692708 0.072685 0.013542 0.028704
7 0.283854 0.338426 0.013542 0.028704
7 0.903125 0.836574 0.013542 0.028704
7 0.209896 0.249537 0.013542 0.028704
7 0.117188 0.368056 0.013542 0.028704
7 0.372396 0.052315 0.013542 0.028704
7 0.780729 0.458796 0.013542 0.028704
8 0.904167 0.383796 0.012500 0.028704
8 0.302083 0.737500 0.012500 0.028704
8 0.410417 0.865278 0.012500 0.028704
8 0.158854 0.584722 0.012500 0.028704
8 0.759375 0.639352 0.012500 0.028704
8 0.943750 0.201389 0.012500 0.028704
8 0.063021 0.644907 0.012500 0.028704
8 0.219271 0.447685 0.012500 0.028704
8 0.760417 0.506944 0.012500 0.028704
9 0.838542 0.695370 0.011458 0.027778
9 0.727083 0.450000 0.011458 0.027778
9 0.118750 0.185185 0.011458 0.027778
9 0.640104 0.986111 0.011458 0.027778
9 0.707812 0.931481 0.011458 0.027778
9 0.748437 0.562037 0.011458 0.027778
9 0.882292 0.336111 0.011458 0.027778
9 0.404167 0.229630 0.011458 0.027778
9 0.679688 0.749074 0.011458 0.027778
9 0.610938 0.850926 0.011458 0.027778
10 0.753646 0.693519 0.011458 0.027778
10 0.436458 0.899074 0.011458 0.027778
11 0.808333 0.287500 0.013542 0.028704
11 0.724479 0.702315 0.013542 0.028704
11 0.446354 0.803241 0.013542 0.028704
11 0.023438 0.791204 0.013542 0.028704
11 0.020313 0.736574 0.013542 0.028704
11 0.330729 0.055093 0.013542 0.028704
11 0.662500 0.537500 0.013542 0.028704
11 0.889583 0.424537 0.013542 0.028704
11 0.212500 0.683796 0.013542 0.028704
11 0.297396 0.979167 0.013542 0.028704
12 0.053906 0.229630 0.014063 0.033333
12 0.203906 0.804630 0.014063 0.033333
12 0.529427 0.838889 0.014063 0.033333
12 0.322135 0.909259 0.014063 0.033333
12 0.454948 0.567593 0.014063 0.033333
12 0.461719 0.039815 0.014063 0.033333
12 0.660156 0.802778 0.014063 0.033333
12 0.109115 0.881481 0.014063 0.033333
12 0.734635 0.832407 0.014063 0.033333
13 0.648438 0.226852 0.013542 0.027778
13 0.375521 0.512963 0.013542 0.027778
13 0.082812 0.257407 0.013542 0.027778
13 0.140104 0.271296 0.013542 0.027778
13 0.493229 0.972222 0.013542 0.027778
13 0.608333 0.729630 0.013542 0.027778
13 0.049479 0.550000 0.013542 0.027778
13 0.796875 0.138889 0.013542 0.027778
