0 0.326302 0.956944 0.014063 0.025000
0 0.524740 0.217130 0.014063 0.025000
0 0.384635 0.106019 0.014063 0.025000
1 0.676562 0.079630 0.014583 0.025926
1 0.333333 0.205556 0.014583 0.025926
1 0.955729 0.811111 0.014583 0.025926
1 0.098958 0.269444 0.014583 0.025926
2 0.801823 0.319907 0.015104 0.026852
2 0.526823 0.120833 0.015104 0.026852
2 0.878906 0.271759 0.015104 0.026852
3 0.404948 0.075463 0.014063 0.025000
3 0.070573 0.870833 0.014063 0.025000
3 0.594010 0.145833 0.014063 0.025000
3 0.237760 0.778241 0.014063 0.025000
3 0.674219 0.758796 0.014063 0.025000
3 0.488281 0.829167 0.014063 0.025000
3 0.373698 0.168056 0.014063 0.025000
3 0.908073 0.711574 0.014063 0.025000
4 0.508073 0.552315 0.014063 0.025000
4 0.390885 0.425463 0.014063 0.025000
4 0.061719 0.713426 0.014063 0.025000
4 0.298177 0.948611 0.014063 0.025000
4 0.707552 0.360648 0.014063 0.025000
4 0.414844 0.689352 0.014063 0.025000
4 0.024740 0.785648 0.014063 0.025000
4 0.640365 0.469907 0.014063 0.025000
5 0.288021 0.584259 0.013542 0.033333
5 0.772396 0.398148 0.013542 0.033333
5 0.313542 0.506481 0.013542 0.033333
5 0.157812 0.193519 0.013542 0.033333
6 0.195052 0.903241 0.014063 0.025000
6 0.882552 0.548611 0.014063 0.025000
6 0.971615 0.702315 0.014063 0.025000
6 0.082031 0.627315 0.014063 0.025000
6 0.703906 0.156019 0.014063 0.025000
6 0.810156 0.384722 0.014063 0.025000
6 0.079427 0.061574 0.014063 0.025000
6 0.422135 0.081944 0.014063 0.025000
6 0.328906 0.697685 0.014063 0.025000
6 0.514844 0.931944 0.014063 0.025000
8 0.376563 0.845833 0.012500 0.028704
8 0.717187 0.268056 0.012500 0.028704
8 0.799479 0.578241 0.012500 0.028704
8 0.787500 0.710648 0.012500 0.028704
8 0.963542 0.984722 0.012500 0.028704
8 0.515104 0.760648 0.012500 0.028704
11 0.376563 0.972685 0.013542 0.028704
12 0.590885 0.365741 0.014063 0.033333
12 0.379427 0.897222 0.014063 0.033333
12 0.395573 0.248148 0.014063 0.033333
12 0.502344 0.245370 0.014063 0.033333
12 0.027865 0.639815 0.014063 0.033333
12 0.430469 0.875926 0.014063 0.033333
12 0.781510 0.269444 0.014063 0.033333
12 0.772135 0.725926 0.014063 0.033333
12 0.754948 0.527778 0.014063 0.033333
12 0.083594 0.273148 0.014063 0.033333
13 0.126562 0.739815 0.013542 0.027778
