0 0.969531 0.960648 0.014063 0.025000
0 0.013802 0.282870 0.014063 0.025000
0 0.289844 0.893981 0.014063 0.025000
0 0.016927 0.779167 0.014063 0.025000
1 0.736979 0.759259 0.014583 0.025926
1 0.024479 0.645370 0.014583 0.025926
1 0.539583 0.361111 0.014583 0.025926
1 0.488021 0.120370 0.014583 0.025926
2 0.713281 0.275463 0.015104 0.026852
2 0.922135 0.099537 0.015104 0.026852
2 0.687240 0.827315 0.015104 0.026852
2 0.686198 0.165278 0.015104 0.026852
2 0.801823 0.256944 0.015104 0.026852
2 0.328385 0.217130 0.015104 0.026852
2 0.661719 0.872685 0.015104 0.026852
2 0.324219 0.452315 0.015104 0.026852
2 0.882552 0.616204 0.015104 0.026852
3 0.798177 0.746759 0.014063 0.025000
3 0.514323 0.518981 0.014063 0.025000
3 0.586719 0.795833 0.014063 0.025000
3 0.671094 0.981019 0.014063 0.025000
4 0.362240 0.553241 0.014063 0.025000
4 0.112240 0.057870 0.014063 0.025000
4 0.392969 0.297685 0.014063 0.025000
4 0.633073 0.882870 0.014063 0.025000
4 0.509635 0.040278 0.014063 0.025000
5 0.463542 0.657407 0.013542 0.033333
5 0.810937 0.653704 0.013542 0.033333
5 0.642708 0.705556 0.013542 0.033333
5 0.464583 0.721296 0.013542 0.033333
5 0.333854 0.967593 0.013542 0.033333
5 0.992188 0.071296 0.013542 0.033333
5 0.082812 0.648148 0.013542 0.033333
5 0.916667 0.412037 0.013542 0.033333
5 0.168750 0.838889 0.013542 0.033333
6 0.702865 0.589352 0.014063 0.025000
6 0.450260 0.335648 0.014063 0.025000
6 0.757031 0.626389 0.014063 0.025000
7 0.457813 0.272685 0.013542 0.028704
7 0.641667 0.808796 0.013542 0.028704
7 0.630729 0.962500 0.013542 0.028704
7 0.445312 0.419907 0.013542 0.028704
7 0.226042 0.699537 0.013542 0.028704
7 0.492708 0.254167 0.013542 0.028704
7 0.134375 0.932870 0.013542 0.028704
7 0.061458 0.848611 0.013542 0.028704
7 0.680729 0.906019 0.013542 0.028704
7 0.200000 0.857870 0.013542 0.028704
8 0.378646 0.456944 0.012500 0.028704
8 0.917188 0.291204 0.012500 0.028704
8 0.700521 0.103241 0.012500 0.028704
8 0.170833 0.319907 0.012500 0.028704
8 0.476042 0.475463 0.012500 0.028704
8 0.233333 0.608796 0.012500 0.028704
8 0.249479 0.026389 0.012500 0.028704
8 0.195833 0.223611 0.012500 0.028704
8 0.062500 0.778241 0.012500 0.028704
9 0.666667 0.452778 0.011458 0.027778
9 0.329688 0.091667 0.011458 0.027778
9 0.132812 0.487963 0.011458 0.027778
11 0.154167 0.504167 0.013542 0.028704
12 0.358073 0.076852 0.014063 0.033333
12 0.573698 0.416667 0.014063 0.033333
12 0.084635 0.342593 0.014063 0.033333
12 0.121615 0.356481 0.014063 0.033333
12 0.192969 0.328704 0.014063 0.033333
12 0.812760 0.617593 0.014063 0.033333
12 0.896615 0.248148 0.014063 0.033333
13 0.469792 0.198148 0.013542 0.027778
13 0.065104 0.918519 0.013542 0.027778
13 0.033333 0.426852 0.013542 0.027778
13 0.128125 0.091667 0.013542 0.027778
13 0.701562 0.978704 0.013542 0.027778
