0 0.301823 0.473611 0.014063 0.025000
1 0.367188 0.354630 0.014583 0.025926
1 0.927083 0.465741 0.014583 0.025926
1 0.947396 0.985185 0.014583 0.025926
1 0.980729 0.117593 0.014583 0.025926
1 0.976562 0.561111 0.014583 0.025926
1 0.380208 0.249074 0.014583 0.025926
1 0.874479 0.014815 0.014583 0.025926
1 0.253646 0.816667 0.014583 0.025926
2 0.170573 0.645833 0.015104 0.026852
2 0.265885 0.268056 0.015104 0.026852
2 0.737760 0.670833 0.015104 0.026852
2 0.287760 0.202315 0.015104 0.026852
2 0.389323 0.207870 0.015104 0.026852
3 0.547656 0.724537 0.014063 0.025000
3 0.313802 0.886574 0.014063 0.025000
4 0.661719 0.678241 0.014063 0.025000
4 0.378385 0.043981 0.014063 0.025000
4 0.102865 0.230093 0.014063 0.025000
5 0.357812 0.847222 0.013542 0.033333
5 0.279687 0.441667 0.013542 0.033333
5 0.911458 0.646296 0.013542 0.033333
5 0.145833 0.931481 0.013542 0.033333
6 0.184635 0.902315 0.014063 0.025000
6 0.248177 0.126389 0.014063 0.025000
6 0.526823 0.935648 0.014063 0.025000
6 0.445052 0.571759 0.014063 0.025000
6 0.966406 0.973611 0.014063 0.025000
6 0.899740 0.417130 0.014063 0.025000
6 0.495052 0.948611 0.014063 0.025000
7 0.781771 0.168056 0.013542 0.028704
7 0.208854 0.906019 0.013542 0.028704
7 0.486458 0.274537 0.013542 0.028704
7 0.103125 0.744907 0.013542 0.028704
7 0.752083 0.926389 0.013542 0.028704
7 0.115625 0.440278 0.013542 0.028704
7 0.375521 0.619907 0.013542 0.028704
7 0.927604 0.392130 0.013542 0.028704
7 0.939583 0.923611 0.013542 0.028704
8 0.567708 0.250463 0.012500 0.028704
8 0.844792 0.585648 0.012500 0.028704
9 0.527083 0.323148 0.011458 0.027778
9 0.600000 0.240741 0.011458 0.027778
9 0.988021 0.736111 0.011458 0.027778
9 0.826042 0.789815 0.011458 0.027778
9 0.196354 0.037037 0.011458 0.027778
10 0.229687 0.617593 0.011458 0.027778
10 0.968750 0.017593 0.011458 0.027778
10 0.348958 0.493519 0.011458 0.027778
10 0.028125 0.802778 0.011458 0.027778
10 0.158333 0.779630 0.011458 0.027778
10 0.477604 0.059259 0.011458 0.027778
11 0.113021 0.694907 0.013542 0.028704
11 0.660417 0.259722 0.013542 0.028704
11 0.970833 0.384722 0.013542 0.028704
11 0.416667 0.829167 0.013542 0.028704
11 0.122917 0.840278 0.013542 0.028704
11 0.652604 0.511574 0.013542 0.028704
12 0.129948 0.957407 0.014063 0.033333
12 0.722656 0.818519 0.014063 0.033333
12 0.137760 0.557407 0.014063 0.033333
12 0.825260 0.187963 0.014063 0.033333
12 0.068490 0.811111 0.014063 0.033333
12 0.602344 0.122222 0.014063 0.033333
12 0.528906 0.629630 0.014063 0.033333
13 0.521875 0.722222 0.013542 0.027778
13 0.123958 0.890741 0.013542 0.027778
13 0.910937 0.523148 0.013542 0.027778
13 0.779687 0.679630 0.013542 0.027778
13 0.200521 0.186111 0.013542 0.027778
13 0.208333 0.826852 0.013542 0.027778
13 0.338542 0.571296 0.013542 0.027778
13 0.093229 0.820370 0.013542 0.027778
13 0.752604 0.604630 0.013542 0.027778
