0 0.692969 0.784722 0.014063 0.025000
0 0.357552 0.069907 0.014063 0.025000
0 0.194010 0.585648 0.014063 0.025000
0 0.042969 0.831019 0.014063 0.025000
0 0.718490 0.668981 0.014063 0.025000
0 0.543490 0.238426 0.014063 0.025000
1 0.642188 0.305556 0.014583 0.025926
1 0.460417 0.577778 0.014583 0.025926
1 0.261979 0.166667 0.014583 0.025926
1 0.145833 0.807407 0.014583 0.025926
1 0.802083 0.943519 0.014583 0.025926
2 0.051823 0.964352 0.015104 0.026852
2 0.377344 0.525463 0.015104 0.026852
2 0.327865 0.869907 0.015104 0.026852
2 0.554427 0.042130 0.015104 0.026852
2 0.025781 0.184722 0.015104 0.026852
2 0.202344 0.093056 0.015104 0.026852
3 0.394531 0.178241 0.014063 0.025000
3 0.500781 0.629167 0.014063 0.025000
3 0.888802 0.653241 0.014063 0.025000
3 0.259635 0.079167 0.014063 0.025000
3 0.127344 0.322685 0.014063 0.025000
3 0.568490 0.608796 0.014063 0.025000
3 0.835156 0.372685 0.014063 0.025000
3 0.368490 0.149537 0.014063 0.025000
3 0.085677 0.663426 0.014063 0.025000
3 0.352344 0.323611 0.014063 0.025000
4 0.711198 0.899537 0.014063 0.025000
4 0.406510 0.229167 0.014063 0.025000
4 0.989323 0.930093 0.014063 0.025000
4 0.850260 0.171759 0.014063 0.025000
5 0.571875 0.365741 0.013542 0.033333
5 0.411458 0.862963 0.013542 0.033333
5 0.380729 0.717593 0.013542 0.033333
6 0.252865 0.422685 0.014063 0.025000
6 0.026823 0.671759 0.014063 0.025000
6 0.746094 0.511574 0.014063 0.025000
6 0.135677 0.258796 0.014063 0.025000
6 0.221615 0.709722 0.014063 0.025000
7 0.800000 0.200463 0.013542 0.028704
7 0.654167 0.432870 0.013542 0.028704
7 0.103125 0.076389 0.013542 0.028704
8 0.824479 0.281944 0.012500 0.028704
8 0.549479 0.970833 0.012500 0.028704
8 0.372396 0.095833 0.012500 0.028704
8 0.694792 0.439352 0.012500 0.028704
8 0.909375 0.980093 0.012500 0.028704
8 0.757292 0.211574 0.012500 0.028704
8 0.759375 0.985648 0.012500 0.028704
9 0.238542 0.680556 0.011458 0.027778
9 0.614062 0.331481 0.011458 0.027778
9 0.183333 0.878704 0.011458 0.027778
9 0.864583 0.179630 0.011458 0.027778
9 0.450000 0.131481 0.011458 0.027778
10 0.246875 0.578704 0.011458 0.027778
10 0.370312 0.465741 0.011458 0.027778
10 0.542188 0.818519 0.011458 0.027778
12 0.870573 0.262963 0.014063 0.033333
12 0.269531 0.200926 0.014063 0.033333
12 0.344531 0.661111 0.014063 0.033333
12 0.132031 0.651852 0.014063 0.033333
12 0.185677 0.979630 0.014063 0.033333
12 0.514323 0.414815 0.014063 0.033333
13 0.200000 0.434259 0.013542 0.027778
13 0.227083 0.394444 0.013542 0.027778
13 0.148438 0.711111 0.013542 0.027778
13 0.419792 0.047222 0.013542 0.027778
13 0.464062 0.156481 0.013542 0.027778
13 0.769792 0.341667 0.013542 0.027778
13 0.307812 0.284259 0.013542 0.027778
