0 0.822135 0.431019 0.014063 0.025000
0 0.744010 0.300463 0.014063 0.025000
0 0.149219 0.168056 0.014063 0.025000
0 0.938281 0.616204 0.014063 0.025000
1 0.441667 0.929630 0.014583 0.025926
1 0.823438 0.588889 0.014583 0.025926
1 0.034375 0.501852 0.014583 0.025926
1 0.337500 0.060185 0.014583 0.025926
2 0.494531 0.383796 0.015104 0.026852
2 0.594010 0.037500 0.015104 0.026852
2 0.052344 0.594907 0.015104 0.026852
2 0.698698 0.351389 0.015104 0.026852
2 0.103385 0.443981 0.015104 0.026852
2 0.054948 0.215278 0.015104 0.026852
2 0.734635 0.797685 0.015104 0.026852
2 0.955469 0.236574 0.015104 0.026852
2 0.033073 0.652315 0.015104 0.026852
2 0.965885 0.017130 0.015104 0.026852
3 0.314844 0.065278 0.014063 0.025000
3 0.573698 0.479167 0.014063 0.025000
3 0.241406 0.917130 0.014063 0.025000
3 0.077344 0.229167 0.014063 0.025000
3 0.760677 0.329167 0.014063 0.025000
3 0.524219 0.744907 0.014063 0.025000
3 0.549740 0.929167 0.014063 0.025000
3 0.340885 0.964352 0.014063 0.025000
3 0.308594 0.984722 0.014063 0.025000
4 0.485156 0.133796 0.014063 0.025000
4 0.602344 0.374537 0.014063 0.025000
4 0.977865 0.518981 0.014063 0.025000
4 0.539323 0.316204 0.014063 0.025000
5 0.991667 0.067593 0.013542 0.033333
5 0.900000 0.897222 0.013542 0.033333
5 0.043750 0.318519 0.013542 0.033333
5 0.371875 0.847222 0.013542 0.033333
5 0.529687 0.367593 0.013542 0.033333
5 0.424479 0.623148 0.013542 0.033333
5 0.464583 0.272222 0.013542 0.033333
5 0.222917 0.557407 0.013542 0.033333
6 0.690365 0.725463 0.014063 0.025000
6 0.215885 0.951389 0.014063 0.025000
6 0.017969 0.043056 0.014063 0.025000
6 0.530469 0.231019 0.014063 0.025000
6 0.409115 0.190278 0.014063 0.025000
6 0.125781 0.369907 0.014063 0.025000
7 0.607292 0.584722 0.013542 0.028704
7 0.245833 0.117130 0.013542 0.028704
7 0.559896 0.635648 0.013542 0.028704
7 0.780208 0.030093 0.013542 0.028704
7 0.893750 0.145833 0.013542 0.028704
7 0.540104 0.154167 0.013542 0.028704
7 0.856250 0.683796 0.013542 0.028704
7 0.781250 0.911574 0.013542 0.028704
7 0.930208 0.741204 0.013542 0.028704
7 0.922917 0.239352 0.013542 0.028704
9 0.263021 0.481481 0.011458 0.027778
9 0.582812 0.728704 0.011458 0.027778
9 0.619271 0.824074 0.011458 0.027778
9 0.807813 0.019444 0.011458 0.027778
9 0.942187 0.165741 0.011458 0.027778
9 0.526563 0.893519 0.011458 0.027778
9 0.765625 0.016667 0.011458 0.027778
10 0.132292 0.196296 0.011458 0.027778
10 0.313542 0.868519 0.011458 0.027778
10 0.759375 0.242593 0.011458 0.027778
10 0.222917 0.268519 0.011458 0.027778
11 0.310937 0.557870 0.013542 0.028704
11 0.983854 0.481019 0.013542 0.028704
11 0.337500 0.465278 0.013542 0.028704
11 0.064583 0.891204 0.013542 0.028704
11 0.979688 0.357870 0.013542 0.028704
12 0.680990 0.669444 0.014063 0.033333
13 0.552083 0.435185 0.013542 0.027778
13 0.884375 0.368519 0.013542 0.027778
13 0.817708 0.264815 0.013542 0.027778
