3 0.938281 0.703241 0.014063 0.025000
3 0.930469 0.791204 0.014063 0.025000
3 0.471615 0.694907 0.014063 0.025000
5 0.945312 0.109259 0.013542 0.033333
5 0.718750 0.260185 0.013542 0.033333
5 0.389583 0.293519 0.013542 0.033333
5 0.600521 0.778704 0.013542 0.033333
5 0.377083 0.425000 0.013542 0.033333
5 0.098437 0.099074 0.013542 0.033333
6 0.052865 0.462500 0.014063 0.025000
7 0.365104 0.494907 0.013542 0.028704
7 0.497396 0.221759 0.013542 0.028704
7 0.688542 0.144907 0.013542 0.028704
7 0.624479 0.458796 0.013542 0.028704
7 0.116146 0.042130 0.013542 0.028704
7 0.486979 0.805093 0.013542 0.028704
7 0.451562 0.345833 0.013542 0.028704
8 0.044271 0.506944 0.012500 0.028704
8 0.419792 0.666204 0.012500 0.028704
8 0.375000 0.378241 0.012500 0.028704
9 0.667188 0.738889 0.011458 0.027778
9 0.497396 0.098148 0.011458 0.027778
9 0.224479 0.045370 0.011458 0.027778
9 0.522396 0.691667 0.011458 0.027778
9 0.147396 0.528704 0.011458 0.027778
9 0.650521 0.350000 0.011458 0.027778
10 0.551562 0.500926 0.011458 0.027778
10 0.220833 0.712963 0.011458 0.027778
10 0.928125 0.653704 0.011458 0.027778
10 0.148438 0.127778 0.011458 0.027778
10 0.610938 0.923148 0.011458 0.027778
11 0.983854 0.541204 0.013542 0.028704
11 0.201042 0.815278 0.013542 0.028704
11 0.929688 0.563426 0.013542 0.028704
11 0.773958 0.340278 0.013542 0.028704
11 0.113021 0.782870 0.013542 0.028704
11 0.732812 0.502315 0.013542 0.028704
11 0.806771 0.027315 0.013542 0.028704
11 0.946875 0.070833 0.013542 0.028704
12 0.085677 0.147222 0.014063 0.033333
12 0.750260 0.967593 0.014063 0.033333
