0 0.904427 0.038426 0.014063 0.025000
0 0.722135 0.930093 0.014063 0.025000
0 0.608073 0.042130 0.014063 0.025000
0 0.286719 0.118056 0.014063 0.025000
0 0.551823 0.852315 0.014063 0.025000
0 0.115365 0.209722 0.014063 0.025000
0 0.247656 0.321759 0.014063 0.025000
0 0.458073 0.404167 0.014063 0.025000
0 0.103906 0.418056 0.014063 0.025000
1 0.246354 0.193519 0.014583 0.025926
1 0.115104 0.724074 0.014583 0.025926
1 0.902083 0.075926 0.014583 0.025926
1 0.343229 0.306481 0.014583 0.025926
1 0.545833 0.429630 0.014583 0.025926
1 0.240104 0.873148 0.014583 0.025926
1 0.065625 0.828704 0.014583 0.025926
2 0.574219 0.970833 0.015104 0.026852
2 0.160156 0.969907 0.015104 0.026852
2 0.740365 0.297685 0.015104 0.026852
2 0.579948 0.361574 0.015104 0.026852
2 0.430990 0.822685 0.015104 0.026852
2 0.551823 0.263426 0.015104 0.026852
2 0.355469 0.184722 0.015104 0.026852
3 0.529948 0.787500 0.014063 0.025000
3 0.503906 0.446759 0.014063 0.025000
4 0.319010 0.579167 0.014063 0.025000
4 0.786198 0.404167 0.014063 0.025000
6 0.187760 0.133796 0.014063 0.025000
6 0.411719 0.267130 0.014063 0.025000
6 0.670052 0.275463 0.014063 0.025000
6 0.198177 0.308796 0.014063 0.025000
6 0.442969 0.776389 0.014063 0.025000
6 0.304948 0.212500 0.014063 0.025000
6 0.509635 0.683796 0.014063 0.025000
6 0.682031 0.751389 0.014063 0.025000
7 0.281250 0.960648 0.013542 0.028704
8 0.767188 0.734722 0.012500 0.028704
8 0.241146 0.769907 0.012500 0.028704
8 0.553125 0.321759 0.012500 0.028704
8 0.682813 0.637500 0.012500 0.028704
8 0.275521 0.218056 0.012500 0.028704
8 0.048958 0.843056 0.012500 0.028704
8 0.067708 0.655093 0.012500 0.028704
8 0.831250 0.406019 0.012500 0.028704
9 0.395313 0.907407 0.011458 0.027778
9 0.461979 0.179630 0.011458 0.027778
9 0.234896 0.516667 0.011458 0.027778
9 0.346875 0.034259 0.011458 0.027778
9 0.419271 0.711111 0.011458 0.027778
10 0.150521 0.316667 0.011458 0.027778
10 0.326562 0.091667 0.011458 0.027778
10 0.847917 0.240741 0.011458 0.027778
10 0.740104 0.368519 0.011458 0.027778
10 0.492708 0.925926 0.011458 0.027778
10 0.206771 0.646296 0.011458 0.027778
11 0.228125 0.331019 0.013542 0.028704
11 0.493229 0.344907 0.013542 0.028704
12 0.861719 0.620370 0.014063 0.033333
12 0.764323 0.378704 0.014063 0.033333
12 0.892448 0.524074 0.014063 0.033333
12 0.421615 0.425000 0.014063 0.033333
12 0.869531 0.166667 0.014063 0.033333
12 0.659635 0.033333 0.014063 0.033333
12 0.182031 0.395370 0.014063 0.033333
13 0.290104 0.740741 0.013542 0.027778
13 0.605729 0.553704 0.013542 0.027778
13 0.182812 0.650926 0.013542 0.027778
13 0.163021 0.437037 0.013542 0.027778
13 0.808333 0.243519 0.013542 0.027778
13 0.599479 0.939815 0.013542 0.027778
13 0.059896 0.479630 0.013542 0.027778
13 0.631250 0.229630 0.013542 0.027778
13 0.684375 0.314815 0.013542 0.027778
13 0.891146 0.775000 0.013542 0.027778
