1 0.405729 0.837037 0.014583 0.025926
1 0.171354 0.274074 0.014583 0.025926
2 0.724219 0.171759 0.015104 0.026852
2 0.158594 0.569907 0.015104 0.026852
2 0.956510 0.915278 0.015104 0.026852
2 0.149740 0.850463 0.015104 0.026852
2 0.933594 0.462500 0.015104 0.026852
2 0.023698 0.951389 0.015104 0.026852
2 0.740365 0.370833 0.015104 0.026852
2 0.740365 0.565278 0.015104 0.026852
2 0.649740 0.211574 0.015104 0.026852
2 0.702344 0.242130 0.015104 0.026852
3 0.840885 0.148611 0.014063 0.025000
3 0.694010 0.494907 0.014063 0.025000
3 0.548698 0.864352 0.014063 0.025000
3 0.502344 0.711574 0.014063 0.025000
3 0.983073 0.614352 0.014063 0.025000
3 0.450781 0.405093 0.014063 0.025000
3 0.177344 0.310648 0.014063 0.025000
3 0.957031 0.760648 0.014063 0.025000
4 0.865365 0.419907 0.014063 0.025000
4 0.814323 0.501389 0.014063 0.025000
4 0.291927 0.510648 0.014063 0.025000
4 0.189844 0.750463 0.014063 0.025000
4 0.528906 0.107870 0.014063 0.025000
4 0.446094 0.282870 0.014063 0.025000
4 0.604427 0.108796 0.014063 0.025000
4 0.273698 0.059722 0.014063 0.025000
5 0.626042 0.203704 0.013542 0.033333
5 0.393229 0.425000 0.013542 0.033333
5 0.839063 0.766667 0.013542 0.033333
5 0.810417 0.633333 0.013542 0.033333
5 0.701042 0.455556 0.013542 0.033333
5 0.175000 0.396296 0.013542 0.033333
5 0.122396 0.861111 0.013542 0.033333
5 0.211458 0.180556 0.013542 0.033333
5 0.828646 0.537037 0.013542 0.033333
5 0.754167 0.415741 0.013542 0.033333
6 0.514323 0.292130 0.014063 0.025000
6 0.855990 0.548611 0.014063 0.025000
6 0.922135 0.248611 0.014063 0.025000
6 0.357552 0.660648 0.014063 0.025000
6 0.684635 0.911574 0.014063 0.025000
6 0.435677 0.246759 0.014063 0.025000
6 0.138281 0.455093 0.014063 0.025000
6 0.574740 0.262500 0.014063 0.025000
6 0.573698 0.886574 0.014063 0.025000
6 0.658594 0.472685 0.014063 0.025000
7 0.305208 0.072685 0.013542 0.028704
7 0.296354 0.695833 0.013542 0.028704
7 0.673438 0.495833 0.013542 0.028704
7 0.260937 0.336574 0.013542 0.028704
7 0.807813 0.152315 0.013542 0.028704
7 0.942187 0.245833 0.013542 0.028704
7 0.300000 0.581944 0.013542 0.028704
7 0.961979 0.171759 0.013542 0.028704
7 0.231771 0.512500 0.013542 0.028704
7 0.573438 0.502315 0.013542 0.028704
8 0.227604 0.457870 0.012500 0.028704
8 0.392708 0.125463 0.012500 0.028704
8 0.401562 0.732870 0.012500 0.028704
8 0.417187 0.680093 0.012500 0.028704
8 0.592708 0.023611 0.012500 0.028704
8 0.066667 0.734722 0.012500 0.028704
9 0.372396 0.331481 0.011458 0.027778
10 0.344792 0.590741 0.011458 0.027778
10 0.205208 0.651852 0.011458 0.027778
11 0.522396 0.764352 0.013542 0.028704
11 0.471875 0.528241 0.013542 0.028704
11 0.684896 0.065278 0.013542 0.028704
11 0.401562 0.764352 0.013542 0.028704
11 0.797396 0.406019 0.013542 0.028704
11 0.735417 0.413426 0.013542 0.028704
11 0.523438 0.204167 0.013542 0.028704
11 0.035937 0.980093 0.013542 0.028704
12 0.457031 0.853704 0.014063 0.033333
12 0.020573 0.900000 0.014063 0.033333
12 0.046094 0.336111 0.014063 0.033333
12 0.025260 0.322222 0.014063 0.033333
12 0.134115 0.350926 0.014063 0.033333
12 0.065885 0.702778 0.014063 0.033333
12 0.080990 0.797222 0.014063 0.033333
12 0.351823 0.754630 0.014063 0.033333
12 0.066927 0.893519 0.014063 0.033333
13 0.315625 0.516667 0.013542 0.027778
13 0.247917 0.576852 0.013542 0.027778
13 0.628646 0.876852 0.013542 0.027778
13 0.478646 0.584259 0.013542 0.027778
13 0.778646 0.358333 0.013542 0.027778
13 0.765104 0.468519 0.013542 0.027778
