0 0.526823 0.384722 0.014063 0.025000
0 0.800260 0.572685 0.014063 0.025000
0 0.428385 0.150463 0.014063 0.025000
0 0.542448 0.712500 0.014063 0.025000
0 0.179948 0.613426 0.014063 0.025000
0 0.437760 0.701389 0.014063 0.025000
0 0.411198 0.284722 0.014063 0.025000
0 0.728385 0.830093 0.014063 0.025000
1 0.926042 0.630556 0.014583 0.025926
1 0.961979 0.249074 0.014583 0.025926
1 0.111458 0.555556 0.014583 0.025926
1 0.293229 0.145370 0.014583 0.025926
1 0.277083 0.517593 0.014583 0.025926
1 0.475000 0.352778 0.014583 0.025926
1 0.763021 0.086111 0.014583 0.025926
1 0.579688 0.671296 0.014583 0.025926
1 0.764062 0.758333 0.014583 0.025926
2 0.949219 0.191204 0.015104 0.026852
2 0.008073 0.577315 0.015104 0.026852
2 0.692448 0.191204 0.015104 0.026852
2 0.184115 0.481944 0.015104 0.026852
2 0.374740 0.174537 0.015104 0.026852
2 0.070052 0.022685 0.015104 0.026852
2 0.057552 0.881944 0.015104 0.026852
2 0.127344 0.289352 0.015104 0.026852
2 0.971094 0.831019 0.015104 0.026852
2 0.207552 0.791204 0.015104 0.026852
3 0.635156 0.825463 0.014063 0.025000
3 0.358594 0.167130 0.014063 0.025000
3 0.890885 0.099537 0.014063 0.025000
3 0.548177 0.667130 0.014063 0.025000
3 0.520573 0.515278 0.014063 0.025000
3 0.438281 0.289352 0.014063 0.025000
3 0.734115 0.268981 0.014063 0.025000
3 0.299219 0.088426 0.014063 0.025000
3 0.187760 0.151389 0.014063 0.025000
4 0.801823 0.602315 0.014063 0.025000
4 0.729427 0.444907 0.014063 0.025000
4 0.854427 0.041204 0.014063 0.025000
4 0.349740 0.615278 0.014063 0.025000
4 0.008073 0.501389 0.014063 0.025000
4 0.802865 0.118056 0.014063 0.025000
4 0.503906 0.606944 0.014063 0.025000
4 0.711719 0.193056 0.014063 0.025000
4 0.979948 0.462500 0.014063 0.025000
4 0.747135 0.853241 0.014063 0.025000
6 0.615885 0.783796 0.014063 0.025000
6 0.757552 0.378241 0.014063 0.025000
6 0.067448 0.605093 0.014063 0.025000
6 0.101302 0.668981 0.014063 0.025000
6 0.023177 0.568056 0.014063 0.025000
6 0.885156 0.889352 0.014063 0.025000
6 0.045573 0.793056 0.014063 0.025000
6 0.590365 0.832870 0.014063 0.025000
6 0.200260 0.466204 0.014063 0.025000
6 0.872656 0.274537 0.014063 0.025000
7 0.930729 0.411574 0.013542 0.028704
7 0.421875 0.549537 0.013542 0.028704
7 0.906250 0.943056 0.013542 0.028704
7 0.505729 0.053241 0.013542 0.028704
7 0.437500 0.938426 0.013542 0.028704
7 0.464062 0.393981 0.013542 0.028704
7 0.358333 0.040278 0.013542 0.028704
7 0.413021 0.786574 0.013542 0.028704
8 0.620313 0.385648 0.012500 0.028704
8 0.458333 0.693056 0.012500 0.028704
8 0.786979 0.763426 0.012500 0.028704
8 0.548958 0.902315 0.012500 0.028704
8 0.260417 0.042130 0.012500 0.028704
8 0.038542 0.481019 0.012500 0.028704
8 0.813542 0.151389 0.012500 0.028704
8 0.192708 0.405093 0.012500 0.028704
9 0.988542 0.183333 0.011458 0.027778
9 0.707292 0.292593 0.011458 0.027778
9 0.910937 0.447222 0.011458 0.027778
9 0.682292 0.961111 0.011458 0.027778
9 0.716667 0.500926 0.011458 0.027778
9 0.776563 0.532407 0.011458 0.027778
9 0.640625 0.742593 0.011458 0.027778
9 0.539062 0.305556 0.011458 0.027778
9 0.837500 0.179630 0.011458 0.027778
9 0.510417 0.813889 0.011458 0.027778
10 0.469271 0.962037 0.011458 0.027778
10 0.925000 0.921296 0.011458 0.027778
10 0.305729 0.725926 0.011458 0.027778
10 0.177083 0.404630 0.011458 0.027778
11 0.238021 0.648611 0.013542 0.028704
11 0.103646 0.697685 0.013542 0.028704
11 0.135937 0.218981 0.013542 0.028704
11 0.190104 0.285648 0.013542 0.028704
11 0.635417 0.866204 0.013542 0.028704
11 0.728125 0.595833 0.013542 0.028704
11 0.611979 0.619907 0.013542 0.028704
11 0.504687 0.277315 0.013542 0.028704
11 0.877083 0.646759 0.013542 0.028704
12 0.048177 0.447222 0.014063 0.033333
12 0.929948 0.705556 0.014063 0.033333
12 0.297656 0.339815 0.014063 0.033333
12 0.692969 0.380556 0.014063 0.033333
12 0.501823 0.700000 0.014063 0.033333
12 0.271094 0.684259 0.014063 0.033333
12 0.285156 0.844444 0.014063 0.033333
13 0.362500 0.093519 0.013542 0.027778
13 0.128646 0.936111 0.013542 0.027778
13 0.019271 0.788889 0.013542 0.027778
13 0.636979 0.440741 0.013542 0.027778
13 0.972917 0.668519 0.013542 0.027778
13 0.287500 0.949074 0.013542 0.027778
13 0.061979 0.292593 0.013542 0.027778
