0 0.760156 0.288426 0.014063 0.025000
0 0.528385 0.598611 0.014063 0.025000
1 0.851562 0.401852 0.014583 0.025926
1 0.308333 0.662037 0.014583 0.025926
1 0.479687 0.799074 0.014583 0.025926
1 0.042188 0.419444 0.014583 0.025926
1 0.340104 0.037963 0.014583 0.025926
1 0.634375 0.744444 0.014583 0.025926
2 0.105469 0.538426 0.015104 0.026852
2 0.829427 0.835648 0.015104 0.026852
2 0.688281 0.528241 0.015104 0.026852
2 0.871094 0.809722 0.015104 0.026852
2 0.393490 0.722685 0.015104 0.026852
2 0.495052 0.107870 0.015104 0.026852
3 0.191406 0.545833 0.014063 0.025000
3 0.648698 0.631944 0.014063 0.025000
3 0.034115 0.900463 0.014063 0.025000
3 0.046094 0.967130 0.014063 0.025000
3 0.187760 0.282870 0.014063 0.025000
3 0.511198 0.317130 0.014063 0.025000
3 0.095052 0.281944 0.014063 0.025000
4 0.363802 0.178241 0.014063 0.025000
4 0.022656 0.590278 0.014063 0.025000
4 0.873698 0.472685 0.014063 0.025000
4 0.898177 0.193981 0.014063 0.025000
4 0.711719 0.157870 0.014063 0.025000
4 0.110677 0.329167 0.014063 0.025000
4 0.149740 0.160648 0.014063 0.025000
4 0.086198 0.655093 0.014063 0.025000
5 0.833854 0.917593 0.013542 0.033333
6 0.295052 0.299537 0.014063 0.025000
6 0.365365 0.525463 0.014063 0.025000
6 0.059115 0.306944 0.014063 0.025000
6 0.397656 0.874537 0.014063 0.025000
6 0.956510 0.744907 0.014063 0.025000
6 0.905990 0.374537 0.014063 0.025000
6 0.313802 0.587500 0.014063 0.025000
6 0.805469 0.968056 0.014063 0.025000
7 0.094271 0.882870 0.013542 0.028704
8 0.973958 0.313426 0.012500 0.028704
8 0.748437 0.223611 0.012500 0.028704
8 0.879687 0.163426 0.012500 0.028704
8 0.951562 0.529167 0.012500 0.028704
8 0.639583 0.304167 0.012500 0.028704
8 0.830729 0.801389 0.012500 0.028704
8 0.929167 0.466204 0.012500 0.028704
9 0.391146 0.524074 0.011458 0.027778
9 0.151562 0.650000 0.011458 0.027778
9 0.194792 0.119444 0.011458 0.027778
9 0.683854 0.842593 0.011458 0.027778
9 0.771354 0.457407 0.011458 0.027778
10 0.628125 0.364815 0.011458 0.027778
10 0.154167 0.948148 0.011458 0.027778
10 0.741667 0.793519 0.011458 0.027778
11 0.791667 0.041204 0.013542 0.028704
12 0.697656 0.788889 0.014063 0.033333
12 0.067969 0.132407 0.014063 0.033333
12 0.244531 0.919444 0.014063 0.033333
12 0.038802 0.328704 0.014063 0.033333
13 0.042708 0.569444 0.013542 0.027778
13 0.098437 0.473148 0.013542 0.027778
13 0.665104 0.072222 0.013542 0.027778
13 0.977604 0.126852 0.013542 0.027778
13 0.578125 0.272222 0.013542 0.027778
13 0.351042 0.908333 0.013542 0.027778
13 0.822917 0.535185 0.013542 0.027778
13 0.115625 0.712037 0.013542 0.027778
13 0.884896 0.332407 0.013542 0.027778
