0 0.832031 0.424537 0.014063 0.025000
0 0.438281 0.656944 0.014063 0.025000
0 0.009635 0.350463 0.014063 0.025000
0 0.775260 0.575463 0.014063 0.025000
0 0.236198 0.710648 0.014063 0.025000
0 0.770573 0.313426 0.014063 0.025000
0 0.590885 0.749537 0.014063 0.025000
1 0.943229 0.812037 0.014583 0.025926
1 0.636458 0.792593 0.014583 0.025926
1 0.782292 0.175000 0.014583 0.025926
1 0.169271 0.305556 0.014583 0.025926
1 0.742708 0.662037 0.014583 0.025926
1 0.341146 0.375000 0.014583 0.025926
2 0.323698 0.887500 0.015104 0.026852
2 0.599740 0.441204 0.015104 0.026852
2 0.138281 0.530093 0.015104 0.026852
2 0.464844 0.718981 0.015104 0.026852
3 0.730990 0.260648 0.014063 0.025000
3 0.012240 0.898611 0.014063 0.025000
3 0.303906 0.030093 0.014063 0.025000
3 0.852865 0.439352 0.014063 0.025000
5 0.367188 0.372222 0.013542 0.033333
5 0.708854 0.732407 0.013542 0.033333
5 0.760938 0.166667 0.013542 0.033333
5 0.869792 0.698148 0.013542 0.033333
5 0.303125 0.611111 0.013542 0.033333
5 0.038542 0.461111 0.013542 0.033333
6 0.214844 0.710648 0.014063 0.025000
6 0.735156 0.616204 0.014063 0.025000
6 0.490885 0.792130 0.014063 0.025000
6 0.194531 0.026389 0.014063 0.025000
6 0.324740 0.584722 0.014063 0.025000
6 0.153385 0.766204 0.014063 0.025000
6 0.249740 0.411574 0.014063 0.025000
6 0.135677 0.873611 0.014063 0.025000
6 0.651302 0.778241 0.014063 0.025000
6 0.861198 0.625463 0.014063 0.025000
7 0.266667 0.315278 0.013542 0.028704
7 0.442188 0.870833 0.013542 0.028704
7 0.409896 0.548611 0.013542 0.028704
7 0.579688 0.235648 0.013542 0.028704
7 0.334896 0.301389 0.013542 0.028704
7 0.985417 0.090278 0.013542 0.028704
7 0.173958 0.862500 0.013542 0.028704
7 0.826042 0.524537 0.013542 0.028704
7 0.784896 0.315278 0.013542 0.028704
8 0.667188 0.828241 0.012500 0.028704
8 0.901042 0.660648 0.012500 0.028704
8 0.511458 0.199537 0.012500 0.028704
8 0.538542 0.726389 0.012500 0.028704
8 0.684896 0.655093 0.012500 0.028704
8 0.934375 0.746759 0.012500 0.028704
8 0.758854 0.922685 0.012500 0.028704
8 0.829688 0.882870 0.012500 0.028704
9 0.928125 0.023148 0.011458 0.027778
9 0.056250 0.347222 0.011458 0.027778
10 0.943750 0.286111 0.011458 0.027778
10 0.788542 0.612963 0.011458 0.027778
11 0.078125 0.053241 0.013542 0.028704
11 0.444792 0.500463 0.013542 0.028704
11 0.899479 0.849537 0.013542 0.028704
11 0.628646 0.368056 0.013542 0.028704
11 0.638021 0.697685 0.013542 0.028704
11 0.883333 0.389352 0.013542 0.028704
11 0.541667 0.179167 0.013542 0.028704
11 0.572917 0.094907 0.013542 0.028704
11 0.092708 0.571759 0.013542 0.028704
11 0.368750 0.226389 0.013542 0.028704
12 0.522656 0.686111 0.014063 0.033333
12 0.031510 0.135185 0.014063 0.033333
12 0.335156 0.222222 0.014063 0.033333
12 0.228906 0.602778 0.014063 0.033333
12 0.023698 0.226852 0.014063 0.033333
12 0.364323 0.806481 0.014063 0.033333
12 0.739844 0.042593 0.014063 0.033333
12 0.772656 0.375926 0.014063 0.033333
12 0.462760 0.464815 0.014063 0.033333
12 0.947656 0.936111 0.014063 0.033333
13 0.779687 0.937037 0.013542 0.027778
13 0.582292 0.920370 0.013542 0.027778
13 0.033854 0.753704 0.013542 0.027778
13 0.796875 0.676852 0.013542 0.027778
13 0.808854 0.960185 0.013542 0.027778
13 0.356771 0.657407 0.013542 0.027778
13 0.630729 0.473148 0.013542 0.027778
13 0.925000 0.359259 0.013542 0.027778
13 0.412500 0.104630 0.013542 0.027778
