0 0.154427 0.256019 0.014063 0.025000
0 0.934115 0.511574 0.014063 0.025000
0 0.780469 0.649537 0.014063 0.025000
2 0.211719 0.147685 0.015104 0.026852
2 0.534635 0.984722 0.015104 0.026852
2 0.109115 0.572685 0.015104 0.026852
2 0.375260 0.445833 0.015104 0.026852
2 0.332552 0.471759 0.015104 0.026852
2 0.719010 0.947685 0.015104 0.026852
2 0.861198 0.800463 0.015104 0.026852
2 0.349219 0.924537 0.015104 0.026852
3 0.178385 0.767130 0.014063 0.025000
3 0.635156 0.762500 0.014063 0.025000
3 0.674219 0.683796 0.014063 0.025000
3 0.597656 0.486574 0.014063 0.025000
3 0.625781 0.834722 0.014063 0.025000
4 0.251302 0.104167 0.014063 0.025000
4 0.420573 0.979167 0.014063 0.025000
4 0.707552 0.895833 0.014063 0.025000
4 0.842969 0.978241 0.014063 0.025000
4 0.366406 0.732870 0.014063 0.025000
5 0.841146 0.196296 0.013542 0.033333
5 0.253646 0.876852 0.013542 0.033333
5 0.275521 0.933333 0.013542 0.033333
5 0.167708 0.596296 0.013542 0.033333
5 0.167708 0.380556 0.013542 0.033333
5 0.920833 0.412963 0.013542 0.033333
5 0.051562 0.535185 0.013542 0.033333
5 0.311979 0.775926 0.013542 0.033333
5 0.671875 0.496296 0.013542 0.033333
7 0.877604 0.293056 0.013542 0.028704
7 0.383333 0.542130 0.013542 0.028704
7 0.748437 0.110648 0.013542 0.028704
7 0.840625 0.102315 0.013542 0.028704
7 0.646354 0.689352 0.013542 0.028704
7 0.992188 0.803241 0.013542 0.028704
7 0.826562 0.208796 0.013542 0.028704
8 0.782292 0.730093 0.012500 0.028704
8 0.373437 0.813426 0.012500 0.028704
8 0.172917 0.891204 0.012500 0.028704
8 0.627083 0.702315 0.012500 0.028704
8 0.422917 0.949537 0.012500 0.028704
8 0.860417 0.857870 0.012500 0.028704
8 0.253125 0.051389 0.012500 0.028704
9 0.762500 0.175000 0.011458 0.027778
10 0.522396 0.119444 0.011458 0.027778
10 0.414062 0.408333 0.011458 0.027778
10 0.205729 0.651852 0.011458 0.027778
10 0.744792 0.316667 0.011458 0.027778
11 0.102604 0.531019 0.013542 0.028704
11 0.171354 0.331019 0.013542 0.028704
11 0.478646 0.964352 0.013542 0.028704
11 0.379688 0.856019 0.013542 0.028704
12 0.274740 0.471296 0.014063 0.033333
12 0.604427 0.591667 0.014063 0.033333
12 0.246094 0.972222 0.014063 0.033333
12 0.079427 0.334259 0.014063 0.033333
12 0.666927 0.369444 0.014063 0.033333
12 0.034115 0.578704 0.014063 0.033333
12 0.786198 0.456481 0.014063 0.033333
12 0.924740 0.269444 0.014063 0.033333
12 0.366927 0.375000 0.014063 0.033333
13 0.551562 0.087963 0.013542 0.027778
13 0.802083 0.843519 0.013542 0.027778
13 0.820312 0.287037 0.013542 0.027778
13 0.620313 0.553704 0.013542 0.027778
