0 0.709115 0.635648 0.014063 0.025000
0 0.941927 0.475463 0.014063 0.025000
0 0.166406 0.638426 0.014063 0.025000
0 0.782552 0.118056 0.014063 0.025000
0 0.414323 0.456019 0.014063 0.025000
0 0.405469 0.071759 0.014063 0.025000
0 0.628906 0.299537 0.014063 0.025000
1 0.123958 0.378704 0.014583 0.025926
1 0.687500 0.896296 0.014583 0.025926
1 0.476042 0.343519 0.014583 0.025926
2 0.255469 0.976389 0.015104 0.026852
2 0.362760 0.881019 0.015104 0.026852
3 0.169010 0.496759 0.014063 0.025000
3 0.127865 0.919907 0.014063 0.025000
3 0.873698 0.742130 0.014063 0.025000
3 0.341406 0.880093 0.014063 0.025000
3 0.049740 0.520833 0.014063 0.025000
3 0.585156 0.718981 0.014063 0.025000
4 0.800781 0.438426 0.014063 0.025000
4 0.731510 0.086574 0.014063 0.025000
4 0.211198 0.111574 0.014063 0.025000
4 0.380469 0.667130 0.014063 0.025000
4 0.646615 0.033796 0.014063 0.025000
4 0.732552 0.043981 0.014063 0.025000
4 0.670052 0.741204 0.014063 0.025000
5 0.959375 0.448148 0.013542 0.033333
5 0.059375 0.975000 0.013542 0.033333
5 0.718229 0.028704 0.013542 0.033333
5 0.013542 0.313889 0.013542 0.033333
5 0.830729 0.763889 0.013542 0.033333
6 0.037240 0.343981 0.014063 0.025000
6 0.690885 0.783796 0.014063 0.025000
7 0.139063 0.780093 0.013542 0.028704
7 0.726042 0.704167 0.013542 0.028704
7 0.971875 0.881019 0.013542 0.028704
7 0.149479 0.297685 0.013542 0.028704
7 0.516667 0.653241 0.013542 0.028704
7 0.481771 0.827315 0.013542 0.028704
7 0.166667 0.843056 0.013542 0.028704
7 0.464583 0.181944 0.013542 0.028704
7 0.488021 0.122685 0.013542 0.028704
8 0.312500 0.795833 0.012500 0.028704
8 0.914583 0.858796 0.012500 0.028704
8 0.205208 0.344907 0.012500 0.028704
10 0.080729 0.409259 0.011458 0.027778
10 0.363542 0.059259 0.011458 0.027778
10 0.228646 0.017593 0.011458 0.027778
10 0.519792 0.894444 0.011458 0.027778
10 0.679688 0.117593 0.011458 0.027778
11 0.395313 0.467130 0.013542 0.028704
11 0.546354 0.122685 0.013542 0.028704
11 0.034375 0.065278 0.013542 0.028704
11 0.015625 0.017130 0.013542 0.028704
12 0.664323 0.032407 0.014063 0.033333
12 0.927344 0.594444 0.014063 0.033333
12 0.126302 0.100000 0.014063 0.033333
12 0.918490 0.737963 0.014063 0.033333
12 0.952865 0.111111 0.014063 0.033333
12 0.707031 0.087037 0.014063 0.033333
12 0.864844 0.629630 0.014063 0.033333
