0 0.060156 0.289352 0.014063 0.025000
0 0.228906 0.835648 0.014063 0.025000
0 0.150781 0.390278 0.014063 0.025000
0 0.252344 0.268056 0.014063 0.025000
1 0.756250 0.243519 0.014583 0.025926
1 0.288542 0.834259 0.014583 0.025926
1 0.383333 0.812037 0.014583 0.025926
1 0.382292 0.094444 0.014583 0.025926
2 0.361198 0.484722 0.015104 0.026852
2 0.941406 0.950463 0.015104 0.026852
2 0.388802 0.280093 0.015104 0.026852
2 0.478385 0.068056 0.015104 0.026852
2 0.639323 0.273611 0.015104 0.026852
2 0.941406 0.897685 0.015104 0.026852
2 0.019531 0.588426 0.015104 0.026852
2 0.626302 0.693981 0.015104 0.026852
3 0.134635 0.400463 0.014063 0.025000
3 0.432031 0.567130 0.014063 0.025000
3 0.830469 0.631944 0.014063 0.025000
4 0.565365 0.539352 0.014063 0.025000
4 0.742969 0.443981 0.014063 0.025000
4 0.523698 0.950463 0.014063 0.025000
4 0.691406 0.539352 0.014063 0.025000
4 0.745052 0.682870 0.014063 0.025000
4 0.484635 0.647685 0.014063 0.025000
5 0.982812 0.731481 0.013542 0.033333
5 0.836979 0.089815 0.013542 0.033333
5 0.270313 0.449074 0.013542 0.033333
5 0.241146 0.530556 0.013542 0.033333
6 0.973177 0.840278 0.014063 0.025000
6 0.375260 0.971759 0.014063 0.025000
6 0.460156 0.067130 0.014063 0.025000
6 0.864323 0.786574 0.014063 0.025000
6 0.554427 0.976389 0.014063 0.025000
6 0.740365 0.560648 0.014063 0.025000
6 0.563802 0.733796 0.014063 0.025000
6 0.640365 0.830093 0.014063 0.025000
6 0.384115 0.521759 0.014063 0.025000
7 0.982292 0.257870 0.013542 0.028704
7 0.991667 0.786574 0.013542 0.028704
10 0.911458 0.638889 0.011458 0.027778
10 0.775000 0.362963 0.011458 0.027778
10 0.439583 0.231481 0.011458 0.027778
11 0.612500 0.352315 0.013542 0.028704
11 0.106771 0.267130 0.013542 0.028704
11 0.334896 0.541204 0.013542 0.028704
11 0.275000 0.371759 0.013542 0.028704
11 0.033333 0.537500 0.013542 0.028704
11 0.676562 0.759722 0.013542 0.028704
11 0.173958 0.869907 0.013542 0.028704
11 0.856771 0.668056 0.013542 0.028704
11 0.293750 0.303241 0.013542 0.028704
12 0.800260 0.531481 0.014063 0.033333
12 0.928385 0.088889 0.014063 0.033333
12 0.308073 0.618519 0.014063 0.033333
12 0.582031 0.276852 0.014063 0.033333
12 0.516406 0.498148 0.014063 0.033333
12 0.592448 0.197222 0.014063 0.033333
12 0.842448 0.765741 0.014063 0.033333
12 0.645052 0.096296 0.014063 0.033333
12 0.867448 0.398148 0.014063 0.033333
12 0.203906 0.335185 0.014063 0.033333
13 0.190104 0.485185 0.013542 0.027778
13 0.086979 0.825000 0.013542 0.027778
