0 0.323698 0.182870 0.014063 0.025000
0 0.983073 0.861574 0.014063 0.025000
1 0.176563 0.063889 0.014583 0.025926
1 0.777604 0.815741 0.014583 0.025926
1 0.324479 0.272222 0.014583 0.025926
2 0.468490 0.047685 0.015104 0.026852
2 0.818490 0.824537 0.015104 0.026852
2 0.296615 0.034722 0.015104 0.026852
2 0.303385 0.311574 0.015104 0.026852
3 0.836198 0.629167 0.014063 0.025000
3 0.669010 0.176389 0.014063 0.025000
3 0.151823 0.386574 0.014063 0.025000
5 0.631250 0.393519 0.013542 0.033333
5 0.006771 0.900926 0.013542 0.033333
5 0.456250 0.374074 0.013542 0.033333
5 0.259896 0.328704 0.013542 0.033333
5 0.651563 0.815741 0.013542 0.033333
5 0.729167 0.545370 0.013542 0.033333
5 0.339583 0.739815 0.013542 0.033333
5 0.472917 0.591667 0.013542 0.033333
5 0.268229 0.925926 0.013542 0.033333
6 0.117969 0.799537 0.014063 0.025000
6 0.641927 0.115278 0.014063 0.025000
6 0.050260 0.568056 0.014063 0.025000
6 0.778906 0.394907 0.014063 0.025000
6 0.514323 0.631944 0.014063 0.025000
6 0.435677 0.861574 0.014063 0.025000
6 0.048698 0.977315 0.014063 0.025000
6 0.402865 0.500463 0.014063 0.025000
6 0.437240 0.951389 0.014063 0.025000
6 0.880990 0.206019 0.014063 0.025000
7 0.425000 0.396759 0.013542 0.028704
7 0.274479 0.098611 0.013542 0.028704
7 0.156250 0.593981 0.013542 0.028704
8 0.315625 0.815278 0.012500 0.028704
8 0.748958 0.966204 0.012500 0.028704
8 0.885417 0.593056 0.012500 0.028704
10 0.763542 0.634259 0.011458 0.027778
12 0.590885 0.268519 0.014063 0.033333
12 0.929427 0.604630 0.014063 0.033333
12 0.191927 0.890741 0.014063 0.033333
12 0.200781 0.198148 0.014063 0.033333
12 0.138281 0.085185 0.014063 0.033333
12 0.987240 0.533333 0.014063 0.033333
12 0.531510 0.120370 0.014063 0.033333
12 0.683073 0.433333 0.014063 0.033333
13 0.425521 0.113889 0.013542 0.027778
13 0.180729 0.211111 0.013542 0.027778
13 0.076042 0.253704 0.013542 0.027778
