0 0.717448 0.206944 0.014063 0.025000
0 0.148177 0.379167 0.014063 0.025000
0 0.377344 0.095833 0.014063 0.025000
0 0.320573 0.108796 0.014063 0.025000
1 0.854167 0.825926 0.014583 0.025926
1 0.867188 0.133333 0.014583 0.025926
1 0.027083 0.625926 0.014583 0.025926
1 0.485938 0.700926 0.014583 0.025926
1 0.234375 0.246296 0.014583 0.025926
1 0.170313 0.986111 0.014583 0.025926
2 0.380469 0.644907 0.015104 0.026852
2 0.884635 0.528241 0.015104 0.026852
3 0.755469 0.670833 0.014063 0.025000
3 0.563802 0.245833 0.014063 0.025000
5 0.343229 0.458333 0.013542 0.033333
5 0.653125 0.962037 0.013542 0.033333
5 0.133333 0.879630 0.013542 0.033333
5 0.623437 0.922222 0.013542 0.033333
5 0.672396 0.638889 0.013542 0.033333
6 0.705469 0.255093 0.014063 0.025000
6 0.393490 0.839352 0.014063 0.025000
6 0.494531 0.068056 0.014063 0.025000
6 0.656510 0.259722 0.014063 0.025000
6 0.770573 0.289352 0.014063 0.025000
6 0.774219 0.750463 0.014063 0.025000
6 0.548177 0.025463 0.014063 0.025000
9 0.489063 0.334259 0.011458 0.027778
9 0.329167 0.762037 0.011458 0.027778
10 0.463542 0.146296 0.011458 0.027778
10 0.372396 0.301852 0.011458 0.027778
10 0.947396 0.745370 0.011458 0.027778
11 0.546354 0.209722 0.013542 0.028704
11 0.571354 0.358796 0.013542 0.028704
11 0.760938 0.905093 0.013542 0.028704
11 0.078125 0.767130 0.013542 0.028704
11 0.669792 0.186574 0.013542 0.028704
11 0.977604 0.653241 0.013542 0.028704
11 0.324479 0.373611 0.013542 0.028704
11 0.248958 0.679167 0.013542 0.028704
12 0.777865 0.173148 0.014063 0.033333
13 0.432292 0.915741 0.013542 0.027778
13 0.628646 0.362037 0.013542 0.027778
13 0.573438 0.895370 0.013542 0.027778
