0 0.158594 0.831019 0.014063 0.025000
0 0.136719 0.089352 0.014063 0.025000
0 0.051823 0.973611 0.014063 0.025000
0 0.514323 0.949537 0.014063 0.025000
0 0.861719 0.698611 0.014063 0.025000
0 0.524740 0.166204 0.014063 0.025000
0 0.211198 0.571759 0.014063 0.025000
0 0.150781 0.518981 0.014063 0.025000
0 0.530469 0.264352 0.014063 0.025000
0 0.454948 0.361574 0.014063 0.025000
1 0.940625 0.127778 0.014583 0.025926
1 0.222396 0.676852 0.014583 0.025926
1 0.630208 0.758333 0.014583 0.025926
1 0.323958 0.762037 0.014583 0.025926
2 0.948177 0.776389 0.015104 0.026852
3 0.829427 0.684722 0.014063 0.025000
3 0.388281 0.636574 0.014063 0.025000
4 0.287760 0.247685 0.014063 0.025000
4 0.372135 0.519907 0.014063 0.025000
4 0.357031 0.343981 0.014063 0.025000
4 0.031510 0.571759 0.014063 0.025000
4 0.211719 0.725463 0.014063 0.025000
4 0.111719 0.344907 0.014063 0.025000
4 0.023177 0.916204 0.014063 0.025000
4 0.214844 0.363426 0.014063 0.025000
4 0.750260 0.848611 0.014063 0.025000
5 0.685937 0.136111 0.013542 0.033333
5 0.473958 0.768519 0.013542 0.033333
5 0.190625 0.352778 0.013542 0.033333
6 0.446094 0.575463 0.014063 0.025000
7 0.957292 0.547685 0.013542 0.028704
7 0.943229 0.337500 0.013542 0.028704
8 0.056771 0.522685 0.012500 0.028704
8 0.986458 0.768056 0.012500 0.028704
8 0.167187 0.900463 0.012500 0.028704
8 0.027604 0.306019 0.012500 0.028704
8 0.082812 0.811574 0.012500 0.028704
8 0.753646 0.764352 0.012500 0.028704
8 0.919792 0.424537 0.012500 0.028704
8 0.889062 0.190278 0.012500 0.028704
8 0.121354 0.450463 0.012500 0.028704
9 0.391667 0.753704 0.011458 0.027778
10 0.431771 0.335185 0.011458 0.027778
10 0.820312 0.912963 0.011458 0.027778
10 0.948958 0.918519 0.011458 0.027778
10 0.941146 0.392593 0.011458 0.027778
10 0.302083 0.166667 0.011458 0.027778
10 0.260417 0.951852 0.011458 0.027778
11 0.722396 0.481019 0.013542 0.028704
11 0.667188 0.909722 0.013542 0.028704
12 0.128385 0.296296 0.014063 0.033333
13 0.451562 0.471296 0.013542 0.027778
13 0.514583 0.680556 0.013542 0.027778
13 0.102083 0.924074 0.013542 0.027778
