0 0.226823 0.751389 0.014063 0.025000
0 0.215885 0.561574 0.014063 0.025000
1 0.483333 0.467593 0.014583 0.025926
1 0.452083 0.095370 0.014583 0.025926
1 0.919271 0.180556 0.014583 0.025926
1 0.174479 0.386111 0.014583 0.025926
1 0.743750 0.625000 0.014583 0.025926
1 0.031771 0.754630 0.014583 0.025926
1 0.921875 0.266667 0.014583 0.025926
1 0.909375 0.829630 0.014583 0.025926
2 0.976302 0.284722 0.015104 0.026852
2 0.690365 0.210648 0.015104 0.026852
2 0.862760 0.929167 0.015104 0.026852
3 0.877344 0.399537 0.014063 0.025000
3 0.794010 0.789352 0.014063 0.025000
3 0.026302 0.614352 0.014063 0.025000
3 0.185156 0.761574 0.014063 0.025000
3 0.105990 0.150463 0.014063 0.025000
3 0.032552 0.176389 0.014063 0.025000
3 0.787240 0.047685 0.014063 0.025000
3 0.820052 0.448611 0.014063 0.025000
5 0.389583 0.745370 0.013542 0.033333
5 0.884375 0.146296 0.013542 0.033333
5 0.711458 0.503704 0.013542 0.033333
5 0.494792 0.187037 0.013542 0.033333
6 0.749219 0.520833 0.014063 0.025000
6 0.876302 0.696759 0.014063 0.025000
6 0.354427 0.155093 0.014063 0.025000
6 0.466406 0.493056 0.014063 0.025000
6 0.113281 0.276389 0.014063 0.025000
6 0.886198 0.543981 0.014063 0.025000
6 0.935677 0.454167 0.014063 0.025000
6 0.390365 0.425463 0.014063 0.025000
6 0.341406 0.430093 0.014063 0.025000
6 0.226823 0.781019 0.014063 0.025000
7 0.819271 0.219907 0.013542 0.028704
7 0.360417 0.530093 0.013542 0.028704
7 0.446875 0.343056 0.013542 0.028704
7 0.918229 0.314352 0.013542 0.028704
7 0.351042 0.751389 0.013542 0.028704
7 0.192188 0.713426 0.013542 0.028704
7 0.934375 0.537500 0.013542 0.028704
7 0.256250 0.370833 0.013542 0.028704
7 0.474479 0.978241 0.013542 0.028704
8 0.578646 0.685648 0.012500 0.028704
8 0.653125 0.905093 0.012500 0.028704
9 0.021875 0.288889 0.011458 0.027778
9 0.799479 0.201852 0.011458 0.027778
9 0.880208 0.783333 0.011458 0.027778
9 0.421875 0.342593 0.011458 0.027778
9 0.805729 0.683333 0.011458 0.027778
9 0.626042 0.295370 0.011458 0.027778
10 0.118229 0.056481 0.011458 0.027778
10 0.682292 0.319444 0.011458 0.027778
10 0.059896 0.749074 0.011458 0.027778
10 0.265625 0.329630 0.011458 0.027778
10 0.092708 0.476852 0.011458 0.027778
10 0.880208 0.621296 0.011458 0.027778
10 0.306771 0.042593 0.011458 0.027778
10 0.115104 0.905556 0.011458 0.027778
10 0.934896 0.582407 0.011458 0.027778
11 0.189062 0.267130 0.013542 0.028704
11 0.170833 0.085648 0.013542 0.028704
11 0.221875 0.123611 0.013542 0.028704
11 0.419271 0.961574 0.013542 0.028704
11 0.680729 0.836574 0.013542 0.028704
11 0.535417 0.672685 0.013542 0.028704
11 0.771875 0.207870 0.013542 0.028704
11 0.563021 0.584722 0.013542 0.028704
13 0.619792 0.253704 0.013542 0.027778
13 0.301563 0.597222 0.013542 0.027778
13 0.680729 0.421296 0.013542 0.027778
13 0.602083 0.384259 0.013542 0.027778
13 0.227604 0.722222 0.013542 0.027778
13 0.134375 0.587963 0.013542 0.027778
13 0.971354 0.837963 0.013542 0.027778
13 0.519792 0.057407 0.013542 0.027778
13 0.858333 0.541667 0.013542 0.027778
