0 0.204948 0.628241 0.014063 0.025000
0 0.914844 0.782870 0.014063 0.025000
0 0.698698 0.968981 0.014063 0.025000
0 0.017969 0.042130 0.014063 0.025000
1 0.630208 0.750000 0.014583 0.025926
1 0.531250 0.412963 0.014583 0.025926
1 0.592187 0.918519 0.014583 0.025926
2 0.437240 0.113426 0.015104 0.026852
3 0.035156 0.181019 0.014063 0.025000
3 0.059115 0.586574 0.014063 0.025000
3 0.573177 0.074537 0.014063 0.025000
3 0.282552 0.410648 0.014063 0.025000
3 0.908073 0.094907 0.014063 0.025000
3 0.705469 0.353241 0.014063 0.025000
4 0.806510 0.382870 0.014063 0.025000
4 0.647656 0.079167 0.014063 0.025000
4 0.241406 0.024537 0.014063 0.025000
4 0.229948 0.466204 0.014063 0.025000
4 0.009635 0.461574 0.014063 0.025000
4 0.889844 0.888426 0.014063 0.025000
4 0.354427 0.379167 0.014063 0.025000
4 0.676302 0.305093 0.014063 0.025000
4 0.879948 0.361574 0.014063 0.025000
4 0.346615 0.712500 0.014063 0.025000
5 0.269271 0.578704 0.013542 0.033333
5 0.960417 0.721296 0.013542 0.033333
5 0.732812 0.889815 0.013542 0.033333
5 0.381771 0.162037 0.013542 0.033333
5 0.375521 0.486111 0.013542 0.033333
8 0.385937 0.217130 0.012500 0.028704
8 0.536979 0.093056 0.012500 0.028704
8 0.822396 0.843981 0.012500 0.028704
8 0.070312 0.160648 0.012500 0.028704
8 0.779687 0.735648 0.012500 0.028704
8 0.074479 0.610648 0.012500 0.028704
8 0.642708 0.572685 0.012500 0.028704
8 0.427083 0.016204 0.012500 0.028704
8 0.719792 0.577315 0.012500 0.028704
8 0.071875 0.352315 0.012500 0.028704
9 0.142187 0.725000 0.011458 0.027778
9 0.634375 0.435185 0.011458 0.027778
9 0.140104 0.906481 0.011458 0.027778
9 0.488021 0.513889 0.011458 0.027778
9 0.481771 0.430556 0.011458 0.027778
9 0.209896 0.690741 0.011458 0.027778
9 0.578646 0.104630 0.011458 0.027778
9 0.302604 0.657407 0.011458 0.027778
9 0.748958 0.323148 0.011458 0.027778
10 0.257292 0.757407 0.011458 0.027778
10 0.248958 0.631481 0.011458 0.027778
10 0.458333 0.163889 0.011458 0.027778
10 0.992188 0.749074 0.011458 0.027778
10 0.840104 0.244444 0.011458 0.027778
10 0.527604 0.737963 0.011458 0.027778
10 0.467708 0.399074 0.011458 0.027778
10 0.401042 0.174074 0.011458 0.027778
11 0.870833 0.097685 0.013542 0.028704
11 0.032292 0.739352 0.013542 0.028704
11 0.484896 0.974537 0.013542 0.028704
11 0.720313 0.504167 0.013542 0.028704
11 0.720833 0.211574 0.013542 0.028704
13 0.403125 0.057407 0.013542 0.027778
13 0.779167 0.290741 0.013542 0.027778
13 0.296354 0.732407 0.013542 0.027778
13 0.274479 0.751852 0.013542 0.027778
