0 0.497135 0.077315 0.014063 0.025000
0 0.009635 0.338426 0.014063 0.025000
0 0.107031 0.966204 0.014063 0.025000
0 0.238281 0.492130 0.014063 0.025000
0 0.091406 0.362500 0.014063 0.025000
0 0.949740 0.223611 0.014063 0.025000
0 0.068490 0.350463 0.014063 0.025000
0 0.049740 0.903241 0.014063 0.025000
1 0.467708 0.895370 0.014583 0.025926
1 0.059375 0.930556 0.014583 0.025926
1 0.810417 0.527778 0.014583 0.025926
1 0.823958 0.833333 0.014583 0.025926
1 0.754167 0.487037 0.014583 0.025926
1 0.873437 0.235185 0.014583 0.025926
1 0.446875 0.587963 0.014583 0.025926
1 0.637500 0.940741 0.014583 0.025926
2 0.652344 0.253241 0.015104 0.026852
2 0.830469 0.134722 0.015104 0.026852
2 0.680469 0.244907 0.015104 0.026852
2 0.410677 0.635648 0.015104 0.026852
3 0.733073 0.119907 0.014063 0.025000
3 0.423177 0.291204 0.014063 0.025000
3 0.513281 0.922685 0.014063 0.025000
4 0.370573 0.676389 0.014063 0.025000
4 0.111719 0.617130 0.014063 0.025000
4 0.778385 0.335648 0.014063 0.025000
4 0.049219 0.274537 0.014063 0.025000
5 0.774479 0.102778 0.013542 0.033333
5 0.417708 0.090741 0.013542 0.033333
5 0.166667 0.543519 0.013542 0.033333
5 0.747917 0.172222 0.013542 0.033333
5 0.326042 0.509259 0.013542 0.033333
5 0.609375 0.485185 0.013542 0.033333
5 0.497396 0.153704 0.013542 0.033333
5 0.328646 0.824074 0.013542 0.033333
5 0.215625 0.287037 0.013542 0.033333
5 0.431771 0.849074 0.013542 0.033333
6 0.815885 0.223611 0.014063 0.025000
6 0.660156 0.486574 0.014063 0.025000
6 0.016406 0.865278 0.014063 0.025000
6 0.897135 0.412500 0.014063 0.025000
7 0.990104 0.398611 0.013542 0.028704
7 0.084375 0.668981 0.013542 0.028704
7 0.692708 0.910648 0.013542 0.028704
7 0.376042 0.872685 0.013542 0.028704
7 0.753646 0.343056 0.013542 0.028704
7 0.252604 0.169907 0.013542 0.028704
7 0.548438 0.025463 0.013542 0.028704
7 0.273438 0.275463 0.013542 0.028704
8 0.214583 0.901389 0.012500 0.028704
8 0.048438 0.397685 0.012500 0.028704
8 0.214062 0.392130 0.012500 0.028704
8 0.931771 0.279167 0.012500 0.028704
8 0.232813 0.267130 0.012500 0.028704
8 0.948438 0.745833 0.012500 0.028704
8 0.084896 0.034722 0.012500 0.028704
8 0.219271 0.254167 0.012500 0.028704
8 0.848437 0.708796 0.012500 0.028704
9 0.186979 0.525000 0.011458 0.027778
10 0.610938 0.225000 0.011458 0.027778
11 0.446354 0.815278 0.013542 0.028704
11 0.907813 0.144907 0.013542 0.028704
12 0.811719 0.373148 0.014063 0.033333
12 0.054948 0.671296 0.014063 0.033333
12 0.558594 0.735185 0.014063 0.033333
12 0.240885 0.332407 0.014063 0.033333
12 0.530469 0.154630 0.014063 0.033333
13 0.807813 0.129630 0.013542 0.027778
13 0.586458 0.470370 0.013542 0.027778
13 0.243229 0.118519 0.013542 0.027778
13 0.040625 0.829630 0.013542 0.027778
13 0.625000 0.251852 0.013542 0.027778
13 0.952083 0.945370 0.013542 0.027778
13 0.291667 0.490741 0.013542 0.027778
