0 0.744531 0.542130 0.014063 0.025000
0 0.860156 0.080093 0.014063 0.025000
0 0.099740 0.801389 0.014063 0.025000
0 0.442448 0.389352 0.014063 0.025000
0 0.866927 0.800463 0.014063 0.025000
1 0.524479 0.778704 0.014583 0.025926
1 0.244271 0.016667 0.014583 0.025926
1 0.041146 0.119444 0.014583 0.025926
1 0.901042 0.546296 0.014583 0.025926
1 0.527604 0.432407 0.014583 0.025926
1 0.697396 0.537037 0.014583 0.025926
1 0.939583 0.760185 0.014583 0.025926
1 0.304688 0.891667 0.014583 0.025926
1 0.824479 0.708333 0.014583 0.025926
1 0.245312 0.273148 0.014583 0.025926
2 0.555990 0.885648 0.015104 0.026852
2 0.926302 0.935648 0.015104 0.026852
4 0.339323 0.898611 0.014063 0.025000
4 0.765885 0.695833 0.014063 0.025000
4 0.633073 0.721759 0.014063 0.025000
4 0.034635 0.525463 0.014063 0.025000
4 0.665885 0.930093 0.014063 0.025000
4 0.154948 0.657870 0.014063 0.025000
4 0.595573 0.759722 0.014063 0.025000
4 0.308073 0.599537 0.014063 0.025000
4 0.743490 0.683796 0.014063 0.025000
5 0.970833 0.017593 0.013542 0.033333
5 0.940104 0.598148 0.013542 0.033333
5 0.522396 0.325000 0.013542 0.033333
5 0.942708 0.714815 0.013542 0.033333
5 0.217188 0.669444 0.013542 0.033333
6 0.734635 0.645833 0.014063 0.025000
6 0.675781 0.977315 0.014063 0.025000
6 0.028906 0.747685 0.014063 0.025000
6 0.630990 0.602315 0.014063 0.025000
7 0.862500 0.599537 0.013542 0.028704
7 0.941667 0.821759 0.013542 0.028704
7 0.593750 0.159722 0.013542 0.028704
8 0.633854 0.383796 0.012500 0.028704
8 0.596875 0.552315 0.012500 0.028704
8 0.806250 0.075463 0.012500 0.028704
8 0.551562 0.457870 0.012500 0.028704
9 0.331250 0.274074 0.011458 0.027778
9 0.255208 0.386111 0.011458 0.027778
9 0.717708 0.953704 0.011458 0.027778
9 0.918229 0.969444 0.011458 0.027778
10 0.631250 0.192593 0.011458 0.027778
10 0.566146 0.107407 0.011458 0.027778
10 0.011458 0.926852 0.011458 0.027778
10 0.372917 0.789815 0.011458 0.027778
10 0.468750 0.374074 0.011458 0.027778
10 0.217708 0.704630 0.011458 0.027778
10 0.272917 0.137963 0.011458 0.027778
10 0.588542 0.090741 0.011458 0.027778
10 0.756250 0.957407 0.011458 0.027778
11 0.493229 0.906944 0.013542 0.028704
11 0.555208 0.364352 0.013542 0.028704
11 0.289583 0.085648 0.013542 0.028704
11 0.378125 0.490278 0.013542 0.028704
11 0.112500 0.968056 0.013542 0.028704
12 0.981510 0.275000 0.014063 0.033333
12 0.132031 0.503704 0.014063 0.033333
12 0.860677 0.538889 0.014063 0.033333
12 0.080469 0.790741 0.014063 0.033333
12 0.928906 0.322222 0.014063 0.033333
12 0.665885 0.039815 0.014063 0.033333
12 0.145573 0.395370 0.014063 0.033333
13 0.565625 0.311111 0.013542 0.027778
13 0.200521 0.196296 0.013542 0.027778
