0 0.617969 0.687500 0.014063 0.025000
0 0.009635 0.706019 0.014063 0.025000
0 0.487760 0.613426 0.014063 0.025000
0 0.895052 0.246759 0.014063 0.025000
0 0.133073 0.233796 0.014063 0.025000
0 0.255990 0.032870 0.014063 0.025000
1 0.111979 0.819444 0.014583 0.025926
1 0.553646 0.846296 0.014583 0.025926
2 0.546094 0.689352 0.015104 0.026852
2 0.049219 0.793981 0.015104 0.026852
2 0.581510 0.306944 0.015104 0.026852
2 0.860677 0.203241 0.015104 0.026852
2 0.721615 0.896759 0.015104 0.026852
2 0.075260 0.643981 0.015104 0.026852
2 0.275781 0.229167 0.015104 0.026852
2 0.941927 0.931019 0.015104 0.026852
2 0.219531 0.293981 0.015104 0.026852
3 0.773177 0.358796 0.014063 0.025000
3 0.413802 0.687500 0.014063 0.025000
3 0.878385 0.061574 0.014063 0.025000
3 0.384635 0.779167 0.014063 0.025000
3 0.278906 0.514352 0.014063 0.025000
3 0.877865 0.606944 0.014063 0.025000
4 0.774219 0.549537 0.014063 0.025000
5 0.465104 0.286111 0.013542 0.033333
5 0.522917 0.926852 0.013542 0.033333
6 0.171615 0.755093 0.014063 0.025000
6 0.286719 0.256019 0.014063 0.025000
6 0.026302 0.110648 0.014063 0.025000
7 0.060937 0.553241 0.013542 0.028704
7 0.339062 0.659722 0.013542 0.028704
7 0.204687 0.528241 0.013542 0.028704
7 0.742708 0.700463 0.013542 0.028704
7 0.118229 0.971759 0.013542 0.028704
7 0.198958 0.567130 0.013542 0.028704
7 0.783333 0.023611 0.013542 0.028704
8 0.297917 0.931019 0.012500 0.028704
8 0.761458 0.887500 0.012500 0.028704
8 0.076042 0.781019 0.012500 0.028704
8 0.220833 0.540278 0.012500 0.028704
8 0.832292 0.474537 0.012500 0.028704
8 0.537500 0.330093 0.012500 0.028704
8 0.410417 0.519907 0.012500 0.028704
8 0.362500 0.456019 0.012500 0.028704
9 0.413021 0.658333 0.011458 0.027778
10 0.429688 0.511111 0.011458 0.027778
10 0.691667 0.949074 0.011458 0.027778
10 0.693750 0.860185 0.011458 0.027778
10 0.707292 0.798148 0.011458 0.027778
11 0.581771 0.813426 0.013542 0.028704
11 0.486458 0.545833 0.013542 0.028704
11 0.284375 0.690278 0.013542 0.028704
11 0.298958 0.614352 0.013542 0.028704
11 0.242708 0.535648 0.013542 0.028704
11 0.685417 0.442130 0.013542 0.028704
11 0.130208 0.308796 0.013542 0.028704
11 0.536458 0.515278 0.013542 0.028704
11 0.336458 0.349537 0.013542 0.028704
11 0.261979 0.131944 0.013542 0.028704
12 0.671094 0.604630 0.014063 0.033333
12 0.837760 0.093519 0.014063 0.033333
12 0.170052 0.601852 0.014063 0.033333
13 0.318229 0.426852 0.013542 0.027778
13 0.785937 0.726852 0.013542 0.027778
13 0.138021 0.885185 0.013542 0.027778
