0 0.508594 0.746759 0.014063 0.025000
0 0.974740 0.143056 0.014063 0.025000
1 0.611979 0.620370 0.014583 0.025926
1 0.223958 0.540741 0.014583 0.025926
1 0.551042 0.245370 0.014583 0.025926
1 0.425521 0.711111 0.014583 0.025926
2 0.613802 0.075463 0.015104 0.026852
2 0.310156 0.518056 0.015104 0.026852
3 0.510677 0.934722 0.014063 0.025000
3 0.571094 0.374537 0.014063 0.025000
3 0.670573 0.614352 0.014063 0.025000
3 0.672135 0.501389 0.014063 0.025000
3 0.461719 0.166204 0.014063 0.025000
3 0.252344 0.164352 0.014063 0.025000
3 0.921094 0.083796 0.014063 0.025000
3 0.139844 0.264352 0.014063 0.025000
3 0.792969 0.188426 0.014063 0.025000
3 0.979427 0.426389 0.014063 0.025000
4 0.246094 0.205093 0.014063 0.025000
5 0.723437 0.562963 0.013542 0.033333
5 0.251563 0.402778 0.013542 0.033333
5 0.851562 0.210185 0.013542 0.033333
5 0.352604 0.781481 0.013542 0.033333
5 0.860417 0.028704 0.013542 0.033333
5 0.418229 0.173148 0.013542 0.033333
5 0.497917 0.147222 0.013542 0.033333
5 0.470833 0.912037 0.013542 0.033333
6 0.249740 0.286574 0.014063 0.025000
6 0.346094 0.185648 0.014063 0.025000
7 0.206771 0.881019 0.013542 0.028704
7 0.171354 0.551389 0.013542 0.028704
7 0.465625 0.790278 0.013542 0.028704
7 0.699479 0.062500 0.013542 0.028704
7 0.609375 0.512500 0.013542 0.028704
8 0.085417 0.531019 0.012500 0.028704
8 0.948438 0.953241 0.012500 0.028704
8 0.809375 0.315278 0.012500 0.028704
8 0.185417 0.077315 0.012500 0.028704
8 0.301042 0.051389 0.012500 0.028704
8 0.877604 0.519907 0.012500 0.028704
9 0.578125 0.673148 0.011458 0.027778
9 0.165625 0.297222 0.011458 0.027778
10 0.030729 0.484259 0.011458 0.027778
10 0.128125 0.200000 0.011458 0.027778
10 0.514062 0.487963 0.011458 0.027778
10 0.353646 0.504630 0.011458 0.027778
10 0.181250 0.599074 0.011458 0.027778
10 0.942708 0.614815 0.011458 0.027778
10 0.946875 0.779630 0.011458 0.027778
10 0.183854 0.456481 0.011458 0.027778
10 0.449479 0.397222 0.011458 0.027778
11 0.941667 0.255093 0.013542 0.028704
11 0.699479 0.403241 0.013542 0.028704
11 0.738021 0.211574 0.013542 0.028704
11 0.039583 0.705093 0.013542 0.028704
11 0.803646 0.494907 0.013542 0.028704
11 0.689583 0.339352 0.013542 0.028704
12 0.591406 0.426852 0.014063 0.033333
12 0.672656 0.291667 0.014063 0.033333
12 0.729427 0.310185 0.014063 0.033333
12 0.271094 0.879630 0.014063 0.033333
12 0.106510 0.353704 0.014063 0.033333
12 0.535677 0.887963 0.014063 0.033333
13 0.787500 0.148148 0.013542 0.027778
13 0.052083 0.463889 0.013542 0.027778
13 0.961979 0.983333 0.013542 0.027778
13 0.754167 0.373148 0.013542 0.027778
13 0.650521 0.087037 0.013542 0.027778
13 0.954688 0.912963 0.013542 0.027778
