0 0.226302 0.536574 0.014063 0.025000
0 0.391406 0.672685 0.014063 0.025000
0 0.470052 0.746759 0.014063 0.025000
0 0.644531 0.822685 0.014063 0.025000
0 0.855469 0.632870 0.014063 0.025000
0 0.217969 0.643981 0.014063 0.025000
0 0.726823 0.531944 0.014063 0.025000
1 0.610938 0.986111 0.014583 0.025926
1 0.025000 0.795370 0.014583 0.025926
1 0.147917 0.788889 0.014583 0.025926
1 0.159375 0.531481 0.014583 0.025926
1 0.010417 0.677778 0.014583 0.025926
1 0.220833 0.158333 0.014583 0.025926
1 0.278125 0.193519 0.014583 0.025926
3 0.672656 0.065278 0.014063 0.025000
3 0.042448 0.213426 0.014063 0.025000
3 0.675260 0.608796 0.014063 0.025000
3 0.407031 0.291204 0.014063 0.025000
3 0.230469 0.903241 0.014063 0.025000
3 0.276823 0.065278 0.014063 0.025000
3 0.224740 0.593981 0.014063 0.025000
4 0.914323 0.317130 0.014063 0.025000
4 0.025781 0.054167 0.014063 0.025000
4 0.597135 0.069907 0.014063 0.025000
4 0.307552 0.210648 0.014063 0.025000
4 0.238802 0.965278 0.014063 0.025000
4 0.277344 0.456019 0.014063 0.025000
4 0.806510 0.332870 0.014063 0.025000
4 0.171094 0.899537 0.014063 0.025000
4 0.778385 0.213426 0.014063 0.025000
4 0.072656 0.282870 0.014063 0.025000
5 0.554688 0.644444 0.013542 0.033333
6 0.055469 0.298611 0.014063 0.025000
6 0.115365 0.406944 0.014063 0.025000
6 0.182031 0.055093 0.014063 0.025000
6 0.876823 0.730093 0.014063 0.025000
6 0.916406 0.047685 0.014063 0.025000
6 0.766406 0.015278 0.014063 0.025000
6 0.686198 0.738426 0.014063 0.025000
6 0.782031 0.854167 0.014063 0.025000
7 0.381250 0.741204 0.013542 0.028704
7 0.684896 0.766204 0.013542 0.028704
7 0.281250 0.937500 0.013542 0.028704
7 0.089583 0.942130 0.013542 0.028704
7 0.542188 0.916204 0.013542 0.028704
7 0.655729 0.934722 0.013542 0.028704
7 0.734896 0.684722 0.013542 0.028704
7 0.955208 0.519907 0.013542 0.028704
7 0.354687 0.902315 0.013542 0.028704
8 0.752604 0.447685 0.012500 0.028704
8 0.613542 0.102315 0.012500 0.028704
8 0.668750 0.754167 0.012500 0.028704
8 0.604167 0.133796 0.012500 0.028704
8 0.411979 0.875463 0.012500 0.028704
8 0.257292 0.425463 0.012500 0.028704
8 0.842187 0.734722 0.012500 0.028704
8 0.384896 0.134722 0.012500 0.028704
8 0.916146 0.398611 0.012500 0.028704
9 0.093750 0.612963 0.011458 0.027778
9 0.397917 0.109259 0.011458 0.027778
10 0.946875 0.899074 0.011458 0.027778
10 0.401042 0.370370 0.011458 0.027778
10 0.423438 0.266667 0.011458 0.027778
10 0.822917 0.359259 0.011458 0.027778
10 0.221354 0.770370 0.011458 0.027778
10 0.128125 0.757407 0.011458 0.027778
10 0.878125 0.687963 0.011458 0.027778
10 0.561979 0.299074 0.011458 0.027778
10 0.835938 0.429630 0.011458 0.027778
11 0.037500 0.866204 0.013542 0.028704
12 0.371615 0.639815 0.014063 0.033333
12 0.647656 0.236111 0.014063 0.033333
12 0.981510 0.514815 0.014063 0.033333
12 0.520052 0.299074 0.014063 0.033333
12 0.236198 0.176852 0.014063 0.033333
12 0.757031 0.725000 0.014063 0.033333
12 0.879948 0.923148 0.014063 0.033333
12 0.498698 0.137963 0.014063 0.033333
13 0.547917 0.165741 0.013542 0.027778
