0 0.598177 0.488426 0.014063 0.025000
0 0.885677 0.293056 0.014063 0.025000
0 0.559635 0.708796 0.014063 0.025000
0 0.744010 0.291204 0.014063 0.025000
0 0.058073 0.021759 0.014063 0.025000
0 0.992969 0.218056 0.014063 0.025000
1 0.778125 0.026852 0.014583 0.025926
1 0.969792 0.587963 0.014583 0.025926
1 0.159896 0.183333 0.014583 0.025926
1 0.063542 0.600926 0.014583 0.025926
1 0.393750 0.037963 0.014583 0.025926
1 0.113542 0.097222 0.014583 0.025926
1 0.530208 0.888889 0.014583 0.025926
1 0.380729 0.791667 0.014583 0.025926
2 0.223698 0.286574 0.015104 0.026852
2 0.726823 0.081944 0.015104 0.026852
2 0.038281 0.121759 0.015104 0.026852
2 0.260156 0.672685 0.015104 0.026852
3 0.857031 0.051389 0.014063 0.025000
3 0.794531 0.408796 0.014063 0.025000
3 0.278906 0.648611 0.014063 0.025000
3 0.703385 0.566204 0.014063 0.025000
3 0.860677 0.276389 0.014063 0.025000
3 0.099219 0.250463 0.014063 0.025000
3 0.713281 0.676389 0.014063 0.025000
3 0.637240 0.781019 0.014063 0.025000
4 0.880990 0.569907 0.014063 0.025000
4 0.122135 0.657870 0.014063 0.025000
4 0.320573 0.534722 0.014063 0.025000
4 0.807552 0.436574 0.014063 0.025000
4 0.794531 0.061574 0.014063 0.025000
4 0.683594 0.781019 0.014063 0.025000
4 0.353385 0.681944 0.014063 0.025000
5 0.909896 0.410185 0.013542 0.033333
5 0.204167 0.527778 0.013542 0.033333
5 0.938542 0.935185 0.013542 0.033333
5 0.389583 0.191667 0.013542 0.033333
6 0.953385 0.735648 0.014063 0.025000
7 0.082292 0.957870 0.013542 0.028704
7 0.285417 0.530093 0.013542 0.028704
7 0.131250 0.859722 0.013542 0.028704
7 0.548958 0.361574 0.013542 0.028704
7 0.364583 0.727315 0.013542 0.028704
7 0.776563 0.619907 0.013542 0.028704
7 0.738021 0.133796 0.013542 0.028704
8 0.404687 0.817130 0.012500 0.028704
8 0.452083 0.803241 0.012500 0.028704
8 0.514583 0.527315 0.012500 0.028704
8 0.256771 0.431019 0.012500 0.028704
8 0.551562 0.197685 0.012500 0.028704
8 0.119271 0.129167 0.012500 0.028704
8 0.803125 0.750463 0.012500 0.028704
8 0.032813 0.270833 0.012500 0.028704
9 0.977083 0.349074 0.011458 0.027778
9 0.845833 0.339815 0.011458 0.027778
9 0.195833 0.682407 0.011458 0.027778
9 0.620833 0.036111 0.011458 0.027778
9 0.645312 0.385185 0.011458 0.027778
9 0.889583 0.372222 0.011458 0.027778
11 0.405729 0.626389 0.013542 0.028704
11 0.911979 0.929167 0.013542 0.028704
11 0.029687 0.451389 0.013542 0.028704
11 0.489583 0.179167 0.013542 0.028704
11 0.825000 0.900463 0.013542 0.028704
12 0.383073 0.967593 0.014063 0.033333
12 0.425781 0.110185 0.014063 0.033333
12 0.528385 0.488889 0.014063 0.033333
12 0.299219 0.975926 0.014063 0.033333
12 0.800260 0.494444 0.014063 0.033333
12 0.180469 0.260185 0.014063 0.033333
12 0.773698 0.282407 0.014063 0.033333
12 0.115885 0.043519 0.014063 0.033333
12 0.569010 0.492593 0.014063 0.033333
12 0.340885 0.765741 0.014063 0.033333
13 0.404167 0.478704 0.013542 0.027778
13 0.735417 0.926852 0.013542 0.027778
13 0.442708 0.749074 0.013542 0.027778
13 0.340104 0.478704 0.013542 0.027778
