0 0.822656 0.575463 0.014063 0.025000
1 0.701562 0.496296 0.014583 0.025926
1 0.938542 0.577778 0.014583 0.025926
1 0.709375 0.592593 0.014583 0.025926
1 0.166146 0.061111 0.014583 0.025926
1 0.254688 0.550926 0.014583 0.025926
1 0.826562 0.629630 0.014583 0.025926
1 0.750521 0.404630 0.014583 0.025926
2 0.933594 0.920833 0.015104 0.026852
2 0.622656 0.093056 0.015104 0.026852
2 0.872135 0.064352 0.015104 0.026852
2 0.661198 0.167130 0.015104 0.026852
2 0.661719 0.130093 0.015104 0.026852
2 0.365885 0.058796 0.015104 0.026852
2 0.675781 0.381944 0.015104 0.026852
2 0.777865 0.745833 0.015104 0.026852
2 0.332552 0.205093 0.015104 0.026852
3 0.517448 0.875463 0.014063 0.025000
3 0.753385 0.117130 0.014063 0.025000
3 0.373177 0.506944 0.014063 0.025000
3 0.728906 0.045833 0.014063 0.025000
3 0.074219 0.200463 0.014063 0.025000
4 0.867448 0.716204 0.014063 0.025000
4 0.352344 0.628241 0.014063 0.025000
4 0.110156 0.791204 0.014063 0.025000
4 0.198177 0.938426 0.014063 0.025000
5 0.583854 0.859259 0.013542 0.033333
5 0.801562 0.468519 0.013542 0.033333
5 0.919792 0.165741 0.013542 0.033333
5 0.457292 0.242593 0.013542 0.033333
5 0.178125 0.715741 0.013542 0.033333
5 0.381771 0.218519 0.013542 0.033333
5 0.058333 0.894444 0.013542 0.033333
5 0.934375 0.445370 0.013542 0.033333
6 0.942448 0.336574 0.014063 0.025000
6 0.601302 0.796759 0.014063 0.025000
6 0.962760 0.645833 0.014063 0.025000
6 0.074740 0.273611 0.014063 0.025000
6 0.054948 0.668056 0.014063 0.025000
6 0.478385 0.168056 0.014063 0.025000
6 0.053385 0.329167 0.014063 0.025000
6 0.515365 0.093981 0.014063 0.025000
6 0.431510 0.968981 0.014063 0.025000
6 0.394531 0.701389 0.014063 0.025000
7 0.281250 0.614352 0.013542 0.028704
7 0.205208 0.432870 0.013542 0.028704
7 0.236458 0.261574 0.013542 0.028704
7 0.497396 0.949537 0.013542 0.028704
7 0.880729 0.749537 0.013542 0.028704
7 0.407292 0.262500 0.013542 0.028704
7 0.734896 0.613426 0.013542 0.028704
8 0.948958 0.056019 0.012500 0.028704
8 0.967187 0.163426 0.012500 0.028704
8 0.687500 0.087500 0.012500 0.028704
8 0.116667 0.926389 0.012500 0.028704
8 0.952604 0.468056 0.012500 0.028704
8 0.832812 0.356019 0.012500 0.028704
8 0.837500 0.224537 0.012500 0.028704
8 0.100000 0.115278 0.012500 0.028704
8 0.963542 0.326389 0.012500 0.028704
8 0.284375 0.885648 0.012500 0.028704
9 0.969271 0.726852 0.011458 0.027778
9 0.768750 0.109259 0.011458 0.027778
9 0.623437 0.529630 0.011458 0.027778
9 0.586458 0.818519 0.011458 0.027778
9 0.945312 0.541667 0.011458 0.027778
9 0.932292 0.482407 0.011458 0.027778
9 0.085938 0.385185 0.011458 0.027778
9 0.417708 0.019444 0.011458 0.027778
9 0.898438 0.900926 0.011458 0.027778
10 0.030729 0.427778 0.011458 0.027778
10 0.650521 0.018519 0.011458 0.027778
10 0.497917 0.513889 0.011458 0.027778
10 0.306250 0.986111 0.011458 0.027778
10 0.192708 0.625000 0.011458 0.027778
10 0.551042 0.100000 0.011458 0.027778
10 0.857812 0.887963 0.011458 0.027778
10 0.184896 0.471296 0.011458 0.027778
10 0.960417 0.507407 0.011458 0.027778
11 0.670833 0.051389 0.013542 0.028704
11 0.208854 0.782870 0.013542 0.028704
12 0.512760 0.936111 0.014063 0.033333
12 0.078906 0.737963 0.014063 0.033333
13 0.547917 0.560185 0.013542 0.027778
13 0.629167 0.486111 0.013542 0.027778
