0 0.640885 0.092130 0.014063 0.025000
0 0.195052 0.658796 0.014063 0.025000
0 0.770573 0.169907 0.014063 0.025000
1 0.350521 0.645370 0.014583 0.025926
1 0.964063 0.044444 0.014583 0.025926
1 0.560417 0.787963 0.014583 0.025926
2 0.473698 0.517130 0.015104 0.026852
2 0.439323 0.407870 0.015104 0.026852
2 0.915885 0.757870 0.015104 0.026852
2 0.713802 0.158796 0.015104 0.026852
2 0.861719 0.598611 0.015104 0.026852
2 0.762240 0.270833 0.015104 0.026852
2 0.840365 0.897685 0.015104 0.026852
3 0.527344 0.858796 0.014063 0.025000
3 0.481510 0.588426 0.014063 0.025000
3 0.520052 0.771759 0.014063 0.025000
3 0.109635 0.496759 0.014063 0.025000
3 0.308594 0.483796 0.014063 0.025000
3 0.289323 0.291204 0.014063 0.025000
3 0.215365 0.730093 0.014063 0.025000
3 0.920052 0.064352 0.014063 0.025000
4 0.361198 0.876389 0.014063 0.025000
4 0.354948 0.244907 0.014063 0.025000
5 0.813021 0.202778 0.013542 0.033333
5 0.586979 0.745370 0.013542 0.033333
5 0.781771 0.400926 0.013542 0.033333
5 0.594271 0.315741 0.013542 0.033333
5 0.592708 0.887963 0.013542 0.033333
5 0.126562 0.869444 0.013542 0.033333
5 0.364063 0.568519 0.013542 0.033333
5 0.598437 0.850926 0.013542 0.033333
5 0.425000 0.891667 0.013542 0.033333
5 0.305729 0.389815 0.013542 0.033333
6 0.838281 0.285648 0.014063 0.025000
7 0.942708 0.231944 0.013542 0.028704
7 0.168229 0.592130 0.013542 0.028704
7 0.185417 0.349537 0.013542 0.028704
7 0.115104 0.980093 0.013542 0.028704
7 0.269271 0.768056 0.013542 0.028704
7 0.134896 0.681019 0.013542 0.028704
7 0.714583 0.683796 0.013542 0.028704
7 0.988021 0.800463 0.013542 0.028704
7 0.102083 0.279167 0.013542 0.028704
8 0.896875 0.619907 0.012500 0.028704
8 0.359375 0.706019 0.012500 0.028704
8 0.806771 0.304167 0.012500 0.028704
8 0.456250 0.903241 0.012500 0.028704
8 0.327604 0.919907 0.012500 0.028704
8 0.404687 0.561574 0.012500 0.028704
8 0.759375 0.790278 0.012500 0.028704
8 0.080208 0.321759 0.012500 0.028704
9 0.445833 0.238889 0.011458 0.027778
10 0.667188 0.407407 0.011458 0.027778
10 0.644792 0.465741 0.011458 0.027778
11 0.757292 0.204167 0.013542 0.028704
11 0.091146 0.610648 0.013542 0.028704
11 0.373437 0.475463 0.013542 0.028704
11 0.906250 0.019907 0.013542 0.028704
11 0.765104 0.615278 0.013542 0.028704
11 0.205208 0.967130 0.013542 0.028704
11 0.275521 0.023611 0.013542 0.028704
12 0.562760 0.248148 0.014063 0.033333
12 0.187760 0.698148 0.014063 0.033333
12 0.519531 0.264815 0.014063 0.033333
12 0.511719 0.119444 0.014063 0.033333
13 0.719792 0.331481 0.013542 0.027778
13 0.396875 0.789815 0.013542 0.027778
13 0.156250 0.800926 0.013542 0.027778
13 0.389062 0.965741 0.013542 0.027778
13 0.966667 0.756481 0.013542 0.027778
