0 0.571615 0.283796 0.014063 0.025000
0 0.524740 0.522685 0.014063 0.025000
0 0.603385 0.131019 0.014063 0.025000
0 0.123698 0.780093 0.014063 0.025000
0 0.664844 0.058796 0.014063 0.025000
0 0.456510 0.619907 0.014063 0.025000
0 0.812240 0.224537 0.014063 0.025000
0 0.800781 0.443056 0.014063 0.025000
0 0.947656 0.668981 0.014063 0.025000
1 0.792708 0.671296 0.014583 0.025926
1 0.495312 0.606481 0.014583 0.025926
1 0.891146 0.762037 0.014583 0.025926
2 0.264323 0.906944 0.015104 0.026852
4 0.471094 0.170833 0.014063 0.025000
4 0.551823 0.655093 0.014063 0.025000
4 0.625260 0.930093 0.014063 0.025000
4 0.246094 0.153241 0.014063 0.025000
4 0.279948 0.401389 0.014063 0.025000
4 0.130990 0.532870 0.014063 0.025000
4 0.419531 0.704167 0.014063 0.025000
4 0.805990 0.943981 0.014063 0.025000
5 0.103646 0.150926 0.013542 0.033333
5 0.132812 0.360185 0.013542 0.033333
5 0.683333 0.726852 0.013542 0.033333
5 0.084896 0.861111 0.013542 0.033333
5 0.816146 0.260185 0.013542 0.033333
5 0.492188 0.162963 0.013542 0.033333
6 0.324740 0.293981 0.014063 0.025000
6 0.479427 0.060648 0.014063 0.025000
7 0.730729 0.478241 0.013542 0.028704
7 0.538021 0.618981 0.013542 0.028704
7 0.093750 0.537500 0.013542 0.028704
7 0.910937 0.527315 0.013542 0.028704
7 0.175521 0.979167 0.013542 0.028704
8 0.710417 0.981019 0.012500 0.028704
8 0.901042 0.684722 0.012500 0.028704
8 0.175521 0.454167 0.012500 0.028704
8 0.526042 0.423611 0.012500 0.028704
8 0.122917 0.306944 0.012500 0.028704
8 0.307292 0.169907 0.012500 0.028704
9 0.489583 0.441667 0.011458 0.027778
9 0.763021 0.286111 0.011458 0.027778
9 0.957812 0.474074 0.011458 0.027778
9 0.696354 0.321296 0.011458 0.027778
10 0.680729 0.224074 0.011458 0.027778
11 0.480729 0.889352 0.013542 0.028704
11 0.309375 0.887500 0.013542 0.028704
11 0.084375 0.247685 0.013542 0.028704
11 0.464062 0.673611 0.013542 0.028704
11 0.160417 0.398611 0.013542 0.028704
13 0.809375 0.890741 0.013542 0.027778
13 0.577083 0.036111 0.013542 0.027778
13 0.740104 0.841667 0.013542 0.027778
13 0.637500 0.586111 0.013542 0.027778
