0 0.363281 0.250463 0.014063 0.025000
0 0.325781 0.279167 0.014063 0.025000
0 0.778385 0.121759 0.014063 0.025000
0 0.685677 0.318981 0.014063 0.025000
0 0.109115 0.252315 0.014063 0.025000
0 0.767448 0.399537 0.014063 0.025000
0 0.543490 0.069907 0.014063 0.025000
0 0.113802 0.967130 0.014063 0.025000
0 0.038281 0.403241 0.014063 0.025000
1 0.109375 0.850926 0.014583 0.025926
1 0.984375 0.766667 0.014583 0.025926
1 0.796875 0.111111 0.014583 0.025926
1 0.514062 0.042593 0.014583 0.025926
2 0.133073 0.144907 0.015104 0.026852
2 0.469531 0.760648 0.015104 0.026852
2 0.521615 0.894907 0.015104 0.026852
2 0.309115 0.122685 0.015104 0.026852
2 0.260156 0.831019 0.015104 0.026852
2 0.195573 0.644907 0.015104 0.026852
2 0.266927 0.693056 0.015104 0.026852
2 0.719010 0.460648 0.015104 0.026852
3 0.663281 0.624537 0.014063 0.025000
3 0.896615 0.302315 0.014063 0.025000
3 0.608594 0.462500 0.014063 0.025000
3 0.785677 0.482870 0.014063 0.025000
3 0.922656 0.170833 0.014063 0.025000
3 0.375781 0.526389 0.014063 0.025000
4 0.070052 0.089352 0.014063 0.025000
4 0.867969 0.631019 0.014063 0.025000
4 0.017969 0.186574 0.014063 0.025000
5 0.951562 0.287963 0.013542 0.033333
5 0.868229 0.054630 0.013542 0.033333
5 0.642708 0.075926 0.013542 0.033333
5 0.249479 0.025926 0.013542 0.033333
5 0.107292 0.370370 0.013542 0.033333
5 0.660937 0.116667 0.013542 0.033333
5 0.705208 0.856481 0.013542 0.033333
6 0.321615 0.380093 0.014063 0.025000
6 0.390365 0.278241 0.014063 0.025000
6 0.611719 0.165278 0.014063 0.025000
6 0.182031 0.943981 0.014063 0.025000
6 0.168490 0.978241 0.014063 0.025000
7 0.637500 0.959722 0.013542 0.028704
7 0.603646 0.806944 0.013542 0.028704
7 0.175000 0.266204 0.013542 0.028704
7 0.972917 0.363426 0.013542 0.028704
9 0.157292 0.846296 0.011458 0.027778
9 0.869271 0.092593 0.011458 0.027778
9 0.565104 0.899074 0.011458 0.027778
9 0.008854 0.862963 0.011458 0.027778
9 0.287500 0.501852 0.011458 0.027778
9 0.760417 0.916667 0.011458 0.027778
9 0.333854 0.326852 0.011458 0.027778
9 0.604688 0.380556 0.011458 0.027778
9 0.936458 0.781481 0.011458 0.027778
10 0.032292 0.537037 0.011458 0.027778
10 0.400000 0.342593 0.011458 0.027778
10 0.892188 0.504630 0.011458 0.027778
10 0.991667 0.644444 0.011458 0.027778
10 0.726562 0.883333 0.011458 0.027778
11 0.075000 0.694907 0.013542 0.028704
11 0.881771 0.829167 0.013542 0.028704
11 0.305729 0.807870 0.013542 0.028704
11 0.800000 0.408796 0.013542 0.028704
11 0.706250 0.537500 0.013542 0.028704
12 0.136198 0.936111 0.014063 0.033333
12 0.876823 0.902778 0.014063 0.033333
12 0.162240 0.034259 0.014063 0.033333
12 0.215885 0.637037 0.014063 0.033333
12 0.933073 0.502778 0.014063 0.033333
12 0.877344 0.354630 0.014063 0.033333
13 0.226042 0.821296 0.013542 0.027778
13 0.424479 0.637963 0.013542 0.027778
13 0.303125 0.482407 0.013542 0.027778
