0 0.870052 0.676389 0.014063 0.025000
0 0.744010 0.147685 0.014063 0.025000
0 0.199219 0.312500 0.014063 0.025000
0 0.413281 0.244907 0.014063 0.025000
0 0.080469 0.377315 0.014063 0.025000
0 0.080469 0.117130 0.014063 0.025000
0 0.223177 0.402315 0.014063 0.025000
0 0.561719 0.252315 0.014063 0.025000
0 0.455469 0.135648 0.014063 0.025000
0 0.931510 0.380093 0.014063 0.025000
1 0.781250 0.120370 0.014583 0.025926
1 0.556771 0.818519 0.014583 0.025926
2 0.650260 0.278241 0.015104 0.026852
2 0.973177 0.333796 0.015104 0.026852
2 0.908073 0.177315 0.015104 0.026852
2 0.054948 0.144907 0.015104 0.026852
2 0.571615 0.851389 0.015104 0.026852
2 0.605990 0.434722 0.015104 0.026852
2 0.336198 0.086574 0.015104 0.026852
3 0.777344 0.425463 0.014063 0.025000
3 0.426823 0.040278 0.014063 0.025000
5 0.832812 0.548148 0.013542 0.033333
5 0.685937 0.608333 0.013542 0.033333
5 0.736458 0.813889 0.013542 0.033333
5 0.467187 0.236111 0.013542 0.033333
6 0.583594 0.146759 0.014063 0.025000
6 0.246094 0.698611 0.014063 0.025000
6 0.918490 0.031019 0.014063 0.025000
6 0.787760 0.019907 0.014063 0.025000
6 0.048177 0.786574 0.014063 0.025000
6 0.271094 0.109722 0.014063 0.025000
6 0.682552 0.170833 0.014063 0.025000
7 0.387500 0.031944 0.013542 0.028704
7 0.052604 0.178241 0.013542 0.028704
7 0.834375 0.362500 0.013542 0.028704
7 0.149479 0.203241 0.013542 0.028704
7 0.454688 0.563426 0.013542 0.028704
7 0.491667 0.962500 0.013542 0.028704
8 0.110417 0.357870 0.012500 0.028704
8 0.654167 0.125463 0.012500 0.028704
9 0.606771 0.275926 0.011458 0.027778
9 0.704167 0.294444 0.011458 0.027778
9 0.941146 0.149074 0.011458 0.027778
9 0.722917 0.107407 0.011458 0.027778
9 0.853646 0.480556 0.011458 0.027778
9 0.242708 0.745370 0.011458 0.027778
9 0.993229 0.382407 0.011458 0.027778
9 0.033854 0.850926 0.011458 0.027778
10 0.352604 0.361111 0.011458 0.027778
10 0.635417 0.789815 0.011458 0.027778
10 0.209375 0.761111 0.011458 0.027778
10 0.066146 0.332407 0.011458 0.027778
10 0.391146 0.635185 0.011458 0.027778
10 0.127604 0.839815 0.011458 0.027778
13 0.158333 0.116667 0.013542 0.027778
13 0.110417 0.947222 0.013542 0.027778
13 0.815104 0.446296 0.013542 0.027778
13 0.803646 0.115741 0.013542 0.027778
13 0.305729 0.391667 0.013542 0.027778
