0 0.023177 0.630093 0.014063 0.025000
0 0.942969 0.643981 0.014063 0.025000
1 0.607812 0.717593 0.014583 0.025926
1 0.259896 0.754630 0.014583 0.025926
1 0.700521 0.975926 0.014583 0.025926
1 0.976562 0.897222 0.014583 0.025926
1 0.930729 0.730556 0.014583 0.025926
2 0.715365 0.545833 0.015104 0.026852
3 0.245052 0.134722 0.014063 0.025000
3 0.422656 0.931944 0.014063 0.025000
4 0.228906 0.101389 0.014063 0.025000
4 0.516927 0.193056 0.014063 0.025000
4 0.167448 0.331944 0.014063 0.025000
4 0.522656 0.790278 0.014063 0.025000
4 0.972656 0.656019 0.014063 0.025000
4 0.018490 0.843056 0.014063 0.025000
4 0.894010 0.380093 0.014063 0.025000
4 0.324740 0.229167 0.014063 0.025000
5 0.889583 0.439815 0.013542 0.033333
6 0.761198 0.383796 0.014063 0.025000
6 0.035156 0.331944 0.014063 0.025000
6 0.178906 0.606019 0.014063 0.025000
6 0.355469 0.914352 0.014063 0.025000
6 0.730990 0.364352 0.014063 0.025000
7 0.950000 0.745833 0.013542 0.028704
8 0.898958 0.869907 0.012500 0.028704
8 0.050521 0.908796 0.012500 0.028704
9 0.690104 0.142593 0.011458 0.027778
9 0.298438 0.330556 0.011458 0.027778
9 0.945312 0.608333 0.011458 0.027778
9 0.927083 0.240741 0.011458 0.027778
9 0.434375 0.284259 0.011458 0.027778
9 0.835938 0.654630 0.011458 0.027778
9 0.397396 0.791667 0.011458 0.027778
9 0.934375 0.179630 0.011458 0.027778
9 0.051042 0.619444 0.011458 0.027778
9 0.876563 0.865741 0.011458 0.027778
10 0.030729 0.916667 0.011458 0.027778
10 0.818229 0.668519 0.011458 0.027778
10 0.204167 0.387963 0.011458 0.027778
10 0.659375 0.840741 0.011458 0.027778
10 0.555729 0.575926 0.011458 0.027778
11 0.444792 0.500463 0.013542 0.028704
11 0.034896 0.199537 0.013542 0.028704
13 0.061458 0.841667 0.013542 0.027778
