0 0.936198 0.707870 0.014063 0.025000
0 0.504427 0.923611 0.014063 0.025000
0 0.643490 0.893981 0.014063 0.025000
0 0.449740 0.229167 0.014063 0.025000
0 0.267448 0.059722 0.014063 0.025000
0 0.228906 0.850463 0.014063 0.025000
0 0.655469 0.171759 0.014063 0.025000
0 0.892448 0.060648 0.014063 0.025000
0 0.147135 0.595833 0.014063 0.025000
1 0.482812 0.205556 0.014583 0.025926
1 0.749479 0.800926 0.014583 0.025926
1 0.196354 0.616667 0.014583 0.025926
1 0.059375 0.081481 0.014583 0.025926
1 0.303125 0.462037 0.014583 0.025926
1 0.859375 0.723148 0.014583 0.025926
1 0.090104 0.138889 0.014583 0.025926
1 0.432292 0.744444 0.014583 0.025926
1 0.358333 0.525000 0.014583 0.025926
2 0.278385 0.975463 0.015104 0.026852
2 0.563802 0.856944 0.015104 0.026852
2 0.074219 0.800463 0.015104 0.026852
2 0.087760 0.535648 0.015104 0.026852
2 0.798177 0.235648 0.015104 0.026852
2 0.714844 0.372685 0.015104 0.026852
4 0.713802 0.187500 0.014063 0.025000
4 0.900781 0.631944 0.014063 0.025000
4 0.694010 0.012500 0.014063 0.025000
5 0.078125 0.269444 0.013542 0.033333
5 0.227604 0.225926 0.013542 0.033333
5 0.030208 0.646296 0.013542 0.033333
5 0.505729 0.474074 0.013542 0.033333
5 0.138021 0.442593 0.013542 0.033333
6 0.053906 0.858796 0.014063 0.025000
6 0.717448 0.523611 0.014063 0.025000
6 0.299219 0.863426 0.014063 0.025000
6 0.793490 0.559722 0.014063 0.025000
6 0.490365 0.055093 0.014063 0.025000
6 0.082031 0.363426 0.014063 0.025000
7 0.556771 0.741204 0.013542 0.028704
7 0.059375 0.365278 0.013542 0.028704
7 0.683854 0.157870 0.013542 0.028704
7 0.007292 0.859722 0.013542 0.028704
7 0.192188 0.325463 0.013542 0.028704
7 0.905729 0.779167 0.013542 0.028704
7 0.235417 0.475463 0.013542 0.028704
7 0.960938 0.056019 0.013542 0.028704
7 0.252083 0.049537 0.013542 0.028704
7 0.759375 0.167130 0.013542 0.028704
8 0.808854 0.799537 0.012500 0.028704
8 0.339583 0.086574 0.012500 0.028704
8 0.790625 0.123611 0.012500 0.028704
8 0.523958 0.522685 0.012500 0.028704
8 0.542708 0.982870 0.012500 0.028704
8 0.928125 0.770833 0.012500 0.028704
10 0.679688 0.441667 0.011458 0.027778
10 0.468229 0.817593 0.011458 0.027778
11 0.327083 0.804167 0.013542 0.028704
11 0.917708 0.937500 0.013542 0.028704
11 0.597917 0.831944 0.013542 0.028704
11 0.722917 0.032870 0.013542 0.028704
11 0.877604 0.232870 0.013542 0.028704
11 0.189583 0.701389 0.013542 0.028704
11 0.730208 0.690278 0.013542 0.028704
11 0.488542 0.903241 0.013542 0.028704
12 0.985677 0.037037 0.014063 0.033333
12 0.530990 0.143519 0.014063 0.033333
12 0.199740 0.528704 0.014063 0.033333
12 0.776823 0.271296 0.014063 0.033333
12 0.850260 0.974074 0.014063 0.033333
12 0.841927 0.275000 0.014063 0.033333
12 0.366406 0.943519 0.014063 0.033333
12 0.526823 0.424074 0.014063 0.033333
13 0.189583 0.088889 0.013542 0.027778
13 0.645833 0.668519 0.013542 0.027778
