0 0.574740 0.823611 0.014063 0.025000
0 0.510677 0.767130 0.014063 0.025000
0 0.823177 0.065278 0.014063 0.025000
1 0.982812 0.217593 0.014583 0.025926
1 0.842187 0.229630 0.014583 0.025926
1 0.329167 0.086111 0.014583 0.025926
1 0.553125 0.494444 0.014583 0.025926
1 0.295312 0.608333 0.014583 0.025926
1 0.734896 0.040741 0.014583 0.025926
2 0.411719 0.679167 0.015104 0.026852
2 0.848177 0.037500 0.015104 0.026852
2 0.342448 0.488426 0.015104 0.026852
3 0.716406 0.194907 0.014063 0.025000
3 0.261198 0.524537 0.014063 0.025000
4 0.507031 0.173611 0.014063 0.025000
4 0.012760 0.741204 0.014063 0.025000
4 0.649740 0.531944 0.014063 0.025000
4 0.728906 0.582870 0.014063 0.025000
4 0.607031 0.181019 0.014063 0.025000
6 0.261198 0.091204 0.014063 0.025000
6 0.325260 0.164352 0.014063 0.025000
6 0.295573 0.748611 0.014063 0.025000
6 0.685677 0.519907 0.014063 0.025000
6 0.867969 0.374537 0.014063 0.025000
7 0.566667 0.909722 0.013542 0.028704
7 0.010937 0.138426 0.013542 0.028704
7 0.159375 0.768056 0.013542 0.028704
7 0.305208 0.472685 0.013542 0.028704
7 0.503646 0.470833 0.013542 0.028704
8 0.695312 0.574537 0.012500 0.028704
8 0.653646 0.896759 0.012500 0.028704
8 0.460938 0.104167 0.012500 0.028704
8 0.113542 0.356019 0.012500 0.028704
8 0.157812 0.286574 0.012500 0.028704
8 0.751042 0.961574 0.012500 0.028704
8 0.975521 0.551389 0.012500 0.028704
8 0.788021 0.143981 0.012500 0.028704
8 0.306250 0.650463 0.012500 0.028704
8 0.758854 0.871759 0.012500 0.028704
9 0.239063 0.699074 0.011458 0.027778
9 0.121875 0.824074 0.011458 0.027778
9 0.629687 0.534259 0.011458 0.027778
9 0.058854 0.031481 0.011458 0.027778
10 0.404167 0.411111 0.011458 0.027778
10 0.108333 0.597222 0.011458 0.027778
10 0.148438 0.858333 0.011458 0.027778
11 0.675521 0.275463 0.013542 0.028704
11 0.034896 0.845833 0.013542 0.028704
11 0.125000 0.731944 0.013542 0.028704
11 0.073438 0.150463 0.013542 0.028704
11 0.865625 0.615278 0.013542 0.028704
11 0.091667 0.350463 0.013542 0.028704
12 0.060156 0.187963 0.014063 0.033333
12 0.426823 0.257407 0.014063 0.033333
12 0.805469 0.905556 0.014063 0.033333
12 0.897135 0.621296 0.014063 0.033333
12 0.920052 0.777778 0.014063 0.033333
12 0.172656 0.057407 0.014063 0.033333
12 0.897656 0.841667 0.014063 0.033333
12 0.082552 0.441667 0.014063 0.033333
13 0.261979 0.554630 0.013542 0.027778
13 0.374479 0.158333 0.013542 0.027778
13 0.950521 0.841667 0.013542 0.027778
13 0.371875 0.829630 0.013542 0.027778
13 0.383333 0.762037 0.013542 0.027778
13 0.544792 0.129630 0.013542 0.027778
13 0.517188 0.310185 0.013542 0.027778
13 0.663542 0.150926 0.013542 0.027778
