0 0.360156 0.849537 0.014063 0.025000
0 0.473177 0.106944 0.014063 0.025000
0 0.843490 0.199537 0.014063 0.025000
0 0.144010 0.859722 0.014063 0.025000
0 0.884635 0.491204 0.014063 0.025000
0 0.330990 0.444907 0.014063 0.025000
2 0.138281 0.243056 0.015104 0.026852
2 0.494531 0.897685 0.015104 0.026852
2 0.245573 0.024537 0.015104 0.026852
2 0.110156 0.333796 0.015104 0.026852
2 0.936198 0.976389 0.015104 0.026852
2 0.448698 0.517130 0.015104 0.026852
3 0.419010 0.414352 0.014063 0.025000
3 0.475260 0.587500 0.014063 0.025000
5 0.449479 0.775000 0.013542 0.033333
5 0.783333 0.981481 0.013542 0.033333
5 0.192708 0.364815 0.013542 0.033333
5 0.920312 0.678704 0.013542 0.033333
7 0.660417 0.677315 0.013542 0.028704
7 0.436458 0.604167 0.013542 0.028704
7 0.536979 0.900463 0.013542 0.028704
7 0.344792 0.417130 0.013542 0.028704
7 0.086458 0.933796 0.013542 0.028704
7 0.780729 0.456944 0.013542 0.028704
7 0.640625 0.858796 0.013542 0.028704
7 0.205208 0.097685 0.013542 0.028704
7 0.208333 0.818981 0.013542 0.028704
7 0.829688 0.332870 0.013542 0.028704
8 0.533854 0.844907 0.012500 0.028704
8 0.461458 0.943056 0.012500 0.028704
8 0.694792 0.931944 0.012500 0.028704
8 0.039062 0.543981 0.012500 0.028704
8 0.569792 0.131019 0.012500 0.028704
8 0.836979 0.495833 0.012500 0.028704
8 0.007292 0.969907 0.012500 0.028704
9 0.582292 0.082407 0.011458 0.027778
9 0.519271 0.563889 0.011458 0.027778
9 0.991146 0.141667 0.011458 0.027778
9 0.097917 0.095370 0.011458 0.027778
9 0.079167 0.594444 0.011458 0.027778
9 0.217708 0.373148 0.011458 0.027778
9 0.234896 0.233333 0.011458 0.027778
9 0.109375 0.838889 0.011458 0.027778
9 0.420312 0.266667 0.011458 0.027778
9 0.386458 0.941667 0.011458 0.027778
10 0.693750 0.262963 0.011458 0.027778
10 0.380729 0.691667 0.011458 0.027778
10 0.191146 0.255556 0.011458 0.027778
10 0.252604 0.534259 0.011458 0.027778
10 0.560417 0.878704 0.011458 0.027778
10 0.213542 0.697222 0.011458 0.027778
10 0.286979 0.019444 0.011458 0.027778
11 0.738542 0.057870 0.013542 0.028704
11 0.034375 0.028241 0.013542 0.028704
11 0.114062 0.113426 0.013542 0.028704
12 0.821615 0.475926 0.014063 0.033333
12 0.096615 0.407407 0.014063 0.033333
12 0.693490 0.784259 0.014063 0.033333
12 0.673698 0.486111 0.014063 0.033333
12 0.991406 0.221296 0.014063 0.033333
12 0.434635 0.677778 0.014063 0.033333
12 0.454948 0.814815 0.014063 0.033333
12 0.738802 0.109259 0.014063 0.033333
12 0.211198 0.599074 0.014063 0.033333
13 0.208854 0.751852 0.013542 0.027778
13 0.807292 0.182407 0.013542 0.027778
13 0.341667 0.694444 0.013542 0.027778
13 0.614062 0.426852 0.013542 0.027778
