0 0.985156 0.929167 0.014063 0.025000
0 0.553385 0.569907 0.014063 0.025000
0 0.400260 0.374537 0.014063 0.025000
0 0.478906 0.106019 0.014063 0.025000
0 0.269531 0.268981 0.014063 0.025000
0 0.167448 0.236574 0.014063 0.025000
0 0.786198 0.268981 0.014063 0.025000
0 0.720573 0.938426 0.014063 0.025000
1 0.942708 0.046296 0.014583 0.025926
2 0.792448 0.860648 0.015104 0.026852
2 0.096615 0.710648 0.015104 0.026852
2 0.245573 0.018981 0.015104 0.026852
2 0.814323 0.743981 0.015104 0.026852
2 0.904427 0.818981 0.015104 0.026852
2 0.421094 0.943981 0.015104 0.026852
3 0.599740 0.951389 0.014063 0.025000
3 0.522656 0.632870 0.014063 0.025000
3 0.840885 0.895833 0.014063 0.025000
3 0.286719 0.431944 0.014063 0.025000
3 0.248698 0.895833 0.014063 0.025000
3 0.134115 0.084722 0.014063 0.025000
4 0.826302 0.668056 0.014063 0.025000
4 0.704427 0.189352 0.014063 0.025000
4 0.343490 0.626389 0.014063 0.025000
4 0.879948 0.106944 0.014063 0.025000
4 0.298177 0.868056 0.014063 0.025000
4 0.802865 0.581019 0.014063 0.025000
4 0.257552 0.563426 0.014063 0.025000
5 0.107813 0.125000 0.013542 0.033333
5 0.271875 0.050000 0.013542 0.033333
5 0.512500 0.731481 0.013542 0.033333
5 0.989583 0.042593 0.013542 0.033333
5 0.892188 0.162037 0.013542 0.033333
5 0.301563 0.630556 0.013542 0.033333
5 0.296354 0.154630 0.013542 0.033333
5 0.492188 0.025000 0.013542 0.033333
5 0.140625 0.519444 0.013542 0.033333
5 0.281771 0.224074 0.013542 0.033333
6 0.715365 0.463426 0.014063 0.025000
6 0.082552 0.238426 0.014063 0.025000
6 0.135156 0.957870 0.014063 0.025000
6 0.194531 0.372685 0.014063 0.025000
7 0.653646 0.324537 0.013542 0.028704
8 0.759375 0.116204 0.012500 0.028704
8 0.811458 0.711574 0.012500 0.028704
8 0.377083 0.568056 0.012500 0.028704
8 0.088542 0.455093 0.012500 0.028704
8 0.183333 0.917130 0.012500 0.028704
8 0.782292 0.133796 0.012500 0.028704
8 0.043750 0.122685 0.012500 0.028704
8 0.125000 0.131019 0.012500 0.028704
8 0.446354 0.920833 0.012500 0.028704
8 0.637500 0.919907 0.012500 0.028704
9 0.286979 0.568519 0.011458 0.027778
9 0.295312 0.273148 0.011458 0.027778
9 0.455208 0.075000 0.011458 0.027778
9 0.523438 0.171296 0.011458 0.027778
9 0.672396 0.329630 0.011458 0.027778
10 0.893750 0.502778 0.011458 0.027778
10 0.094271 0.625926 0.011458 0.027778
10 0.665104 0.439815 0.011458 0.027778
10 0.101562 0.342593 0.011458 0.027778
11 0.921354 0.575463 0.013542 0.028704
11 0.240104 0.080093 0.013542 0.028704
11 0.350000 0.183796 0.013542 0.028704
11 0.548438 0.230093 0.013542 0.028704
11 0.910937 0.057870 0.013542 0.028704
11 0.557813 0.361574 0.013542 0.028704
11 0.552083 0.077315 0.013542 0.028704
11 0.080208 0.971759 0.013542 0.028704
12 0.178906 0.559259 0.014063 0.033333
12 0.466406 0.017593 0.014063 0.033333
12 0.279427 0.148148 0.014063 0.033333
13 0.871875 0.059259 0.013542 0.027778
13 0.406771 0.285185 0.013542 0.027778
13 0.182292 0.281481 0.013542 0.027778
13 0.620833 0.807407 0.013542 0.027778
13 0.696354 0.725000 0.013542 0.027778
13 0.689063 0.216667 0.013542 0.027778
13 0.345833 0.958333 0.013542 0.027778
