0 0.049740 0.130093 0.014063 0.025000
0 0.079427 0.582870 0.014063 0.025000
0 0.782031 0.505093 0.014063 0.025000
0 0.316927 0.403241 0.014063 0.025000
0 0.621615 0.568056 0.014063 0.025000
0 0.992448 0.069907 0.014063 0.025000
1 0.063542 0.753704 0.014583 0.025926
1 0.748958 0.649074 0.014583 0.025926
1 0.423438 0.817593 0.014583 0.025926
1 0.498437 0.861111 0.014583 0.025926
1 0.948958 0.934259 0.014583 0.025926
1 0.272396 0.150000 0.014583 0.025926
1 0.915104 0.213889 0.014583 0.025926
1 0.190625 0.784259 0.014583 0.025926
2 0.030469 0.206944 0.015104 0.026852
2 0.510156 0.184722 0.015104 0.026852
2 0.543490 0.134722 0.015104 0.026852
2 0.194531 0.746759 0.015104 0.026852
2 0.696094 0.918981 0.015104 0.026852
2 0.105469 0.758796 0.015104 0.026852
3 0.347135 0.629167 0.014063 0.025000
3 0.276302 0.259722 0.014063 0.025000
3 0.611719 0.042130 0.014063 0.025000
3 0.539323 0.032870 0.014063 0.025000
3 0.118490 0.102315 0.014063 0.025000
3 0.108594 0.806019 0.014063 0.025000
3 0.828385 0.487500 0.014063 0.025000
3 0.740365 0.717130 0.014063 0.025000
3 0.178906 0.246759 0.014063 0.025000
3 0.971615 0.670833 0.014063 0.025000
4 0.719010 0.268056 0.014063 0.025000
4 0.166406 0.743056 0.014063 0.025000
4 0.340885 0.758796 0.014063 0.025000
4 0.651823 0.860648 0.014063 0.025000
4 0.464323 0.885648 0.014063 0.025000
4 0.061719 0.462500 0.014063 0.025000
4 0.426823 0.916204 0.014063 0.025000
4 0.360677 0.297685 0.014063 0.025000
4 0.175781 0.068981 0.014063 0.025000
5 0.527083 0.956481 0.013542 0.033333
5 0.808333 0.453704 0.013542 0.033333
5 0.151042 0.531481 0.013542 0.033333
5 0.039062 0.609259 0.013542 0.033333
6 0.975781 0.150463 0.014063 0.025000
6 0.813802 0.880093 0.014063 0.025000
6 0.260677 0.285648 0.014063 0.025000
6 0.179948 0.831019 0.014063 0.025000
6 0.809635 0.365278 0.014063 0.025000
6 0.872135 0.197685 0.014063 0.025000
6 0.595052 0.395833 0.014063 0.025000
6 0.889844 0.960648 0.014063 0.025000
7 0.693750 0.346759 0.013542 0.028704
7 0.573438 0.855093 0.013542 0.028704
7 0.052604 0.305093 0.013542 0.028704
7 0.524479 0.561574 0.013542 0.028704
8 0.825000 0.733796 0.012500 0.028704
8 0.163021 0.828241 0.012500 0.028704
8 0.053125 0.891204 0.012500 0.028704
8 0.146875 0.679167 0.012500 0.028704
8 0.676042 0.548611 0.012500 0.028704
8 0.157292 0.637500 0.012500 0.028704
8 0.828125 0.566204 0.012500 0.028704
8 0.779167 0.775463 0.012500 0.028704
8 0.518229 0.689352 0.012500 0.028704
8 0.519271 0.324537 0.012500 0.028704
9 0.295833 0.341667 0.011458 0.027778
9 0.267188 0.930556 0.011458 0.027778
9 0.457813 0.828704 0.011458 0.027778
9 0.923958 0.939815 0.011458 0.027778
9 0.233854 0.200000 0.011458 0.027778
9 0.715625 0.464815 0.011458 0.027778
9 0.108333 0.967593 0.011458 0.027778
9 0.746875 0.035185 0.011458 0.027778
10 0.247396 0.884259 0.011458 0.027778
10 0.634375 0.516667 0.011458 0.027778
10 0.675000 0.782407 0.011458 0.027778
10 0.651042 0.550926 0.011458 0.027778
10 0.743229 0.471296 0.011458 0.027778
10 0.346875 0.299074 0.011458 0.027778
10 0.840104 0.970370 0.011458 0.027778
10 0.369792 0.743519 0.011458 0.027778
10 0.474479 0.607407 0.011458 0.027778
11 0.409375 0.542130 0.013542 0.028704
11 0.142187 0.723611 0.013542 0.028704
11 0.384375 0.106944 0.013542 0.028704
11 0.940625 0.050463 0.013542 0.028704
11 0.917708 0.388426 0.013542 0.028704
11 0.108854 0.852315 0.013542 0.028704
12 0.163802 0.250000 0.014063 0.033333
12 0.118490 0.448148 0.014063 0.033333
12 0.349740 0.110185 0.014063 0.033333
12 0.330990 0.295370 0.014063 0.033333
12 0.019010 0.268519 0.014063 0.033333
12 0.209635 0.402778 0.014063 0.033333
12 0.869531 0.078704 0.014063 0.033333
12 0.064844 0.098148 0.014063 0.033333
12 0.351302 0.797222 0.014063 0.033333
13 0.345313 0.249074 0.013542 0.027778
13 0.767188 0.690741 0.013542 0.027778
13 0.105208 0.219444 0.013542 0.027778
13 0.634896 0.877778 0.013542 0.027778
13 0.623437 0.616667 0.013542 0.027778
13 0.397396 0.358333 0.013542 0.027778
13 0.807292 0.420370 0.013542 0.027778
13 0.973958 0.772222 0.013542 0.027778
13 0.935937 0.521296 0.013542 0.027778
