0 0.144531 0.826389 0.014063 0.025000
0 0.389844 0.149537 0.014063 0.025000
0 0.852344 0.489352 0.014063 0.025000
0 0.872135 0.929167 0.014063 0.025000
0 0.570052 0.864352 0.014063 0.025000
1 0.181771 0.025000 0.014583 0.025926
1 0.323437 0.564815 0.014583 0.025926
1 0.399479 0.278704 0.014583 0.025926
1 0.394271 0.695370 0.014583 0.025926
1 0.094792 0.300000 0.014583 0.025926
1 0.048958 0.485185 0.014583 0.025926
1 0.404167 0.175926 0.014583 0.025926
1 0.838021 0.711111 0.014583 0.025926
1 0.245833 0.721296 0.014583 0.025926
1 0.738021 0.620370 0.014583 0.025926
2 0.500781 0.131944 0.015104 0.026852
2 0.616927 0.904167 0.015104 0.026852
2 0.833073 0.018056 0.015104 0.026852
2 0.497656 0.252315 0.015104 0.026852
2 0.782031 0.316204 0.015104 0.026852
2 0.861719 0.225463 0.015104 0.026852
2 0.430469 0.415278 0.015104 0.026852
2 0.850781 0.949537 0.015104 0.026852
3 0.286719 0.941204 0.014063 0.025000
3 0.394010 0.466204 0.014063 0.025000
3 0.754948 0.186574 0.014063 0.025000
3 0.635156 0.106019 0.014063 0.025000
3 0.667969 0.643981 0.014063 0.025000
3 0.402865 0.216204 0.014063 0.025000
3 0.033073 0.343056 0.014063 0.025000
4 0.459635 0.483796 0.014063 0.025000
4 0.699740 0.427315 0.014063 0.025000
4 0.288802 0.144907 0.014063 0.025000
4 0.428385 0.822685 0.014063 0.025000
4 0.887760 0.668981 0.014063 0.025000
4 0.576823 0.571759 0.014063 0.025000
4 0.175781 0.445833 0.014063 0.025000
5 0.056250 0.122222 0.013542 0.033333
5 0.556771 0.700000 0.013542 0.033333
5 0.911458 0.476852 0.013542 0.033333
5 0.430208 0.362963 0.013542 0.033333
5 0.454167 0.270370 0.013542 0.033333
5 0.972396 0.258333 0.013542 0.033333
5 0.025000 0.614815 0.013542 0.033333
5 0.081250 0.775000 0.013542 0.033333
6 0.570573 0.971759 0.014063 0.025000
6 0.338281 0.960648 0.014063 0.025000
6 0.943490 0.712500 0.014063 0.025000
6 0.866406 0.583796 0.014063 0.025000
6 0.021615 0.382870 0.014063 0.025000
6 0.267448 0.255093 0.014063 0.025000
6 0.142448 0.543056 0.014063 0.025000
6 0.812760 0.911574 0.014063 0.025000
6 0.501302 0.507870 0.014063 0.025000
7 0.544792 0.494907 0.013542 0.028704
7 0.444792 0.131019 0.013542 0.028704
7 0.763021 0.953241 0.013542 0.028704
7 0.050000 0.706019 0.013542 0.028704
7 0.945312 0.781944 0.013542 0.028704
8 0.607812 0.718056 0.012500 0.028704
8 0.126562 0.106019 0.012500 0.028704
8 0.272917 0.321759 0.012500 0.028704
9 0.283333 0.088889 0.011458 0.027778
9 0.326042 0.623148 0.011458 0.027778
10 0.219792 0.213889 0.011458 0.027778
10 0.339583 0.475000 0.011458 0.027778
11 0.402604 0.549537 0.013542 0.028704
11 0.674479 0.042130 0.013542 0.028704
12 0.088281 0.164815 0.014063 0.033333
12 0.797656 0.973148 0.014063 0.033333
12 0.180990 0.142593 0.014063 0.033333
12 0.520052 0.548148 0.014063 0.033333
12 0.499219 0.812037 0.014063 0.033333
12 0.890365 0.332407 0.014063 0.033333
13 0.794271 0.745370 0.013542 0.027778
13 0.200000 0.870370 0.013542 0.027778
13 0.016146 0.443519 0.013542 0.027778
13 0.700000 0.263889 0.013542 0.027778
13 0.175521 0.277778 0.013542 0.027778
13 0.727604 0.245370 0.013542 0.027778
13 0.700000 0.023148 0.013542 0.027778
13 0.489583 0.610185 0.013542 0.027778
