0 0.693490 0.040278 0.014063 0.025000
0 0.676823 0.805093 0.014063 0.025000
0 0.493490 0.552315 0.014063 0.025000
0 0.867448 0.720833 0.014063 0.025000
0 0.133073 0.321759 0.014063 0.025000
0 0.911719 0.782870 0.014063 0.025000
0 0.812760 0.918981 0.014063 0.025000
0 0.315365 0.579167 0.014063 0.025000
0 0.611719 0.217130 0.014063 0.025000
1 0.486458 0.180556 0.014583 0.025926
1 0.406771 0.467593 0.014583 0.025926
1 0.590625 0.251852 0.014583 0.025926
1 0.667188 0.700926 0.014583 0.025926
1 0.133333 0.247222 0.014583 0.025926
1 0.718750 0.229630 0.014583 0.025926
1 0.468229 0.426852 0.014583 0.025926
1 0.323958 0.449074 0.014583 0.025926
2 0.325260 0.349537 0.015104 0.026852
2 0.405990 0.116204 0.015104 0.026852
2 0.577344 0.764352 0.015104 0.026852
2 0.779427 0.702315 0.015104 0.026852
2 0.438281 0.182870 0.015104 0.026852
2 0.537240 0.746759 0.015104 0.026852
2 0.864323 0.611574 0.015104 0.026852
2 0.725781 0.068981 0.015104 0.026852
2 0.247656 0.395833 0.015104 0.026852
2 0.248698 0.215278 0.015104 0.026852
4 0.714323 0.589352 0.014063 0.025000
4 0.677865 0.248611 0.014063 0.025000
4 0.050260 0.507870 0.014063 0.025000
5 0.786979 0.739815 0.013542 0.033333
5 0.254167 0.085185 0.013542 0.033333
7 0.408333 0.018056 0.013542 0.028704
9 0.361458 0.196296 0.011458 0.027778
9 0.172917 0.160185 0.011458 0.027778
9 0.712500 0.509259 0.011458 0.027778
9 0.953125 0.279630 0.011458 0.027778
10 0.663542 0.867593 0.011458 0.027778
10 0.756250 0.964815 0.011458 0.027778
10 0.722917 0.468519 0.011458 0.027778
10 0.778125 0.876852 0.011458 0.027778
10 0.059896 0.851852 0.011458 0.027778
10 0.581250 0.093519 0.011458 0.027778
11 0.167708 0.855093 0.013542 0.028704
11 0.150000 0.757870 0.013542 0.028704
11 0.808333 0.140278 0.013542 0.028704
11 0.585938 0.625463 0.013542 0.028704
11 0.523958 0.970833 0.013542 0.028704
11 0.221875 0.059722 0.013542 0.028704
11 0.897396 0.473611 0.013542 0.028704
11 0.409896 0.243056 0.013542 0.028704
