0 0.463281 0.980093 0.014063 0.025000
0 0.011719 0.206944 0.014063 0.025000
0 0.201823 0.889352 0.014063 0.025000
1 0.770833 0.476852 0.014583 0.025926
2 0.899740 0.265278 0.015104 0.026852
2 0.633594 0.078241 0.015104 0.026852
2 0.453385 0.268981 0.015104 0.026852
2 0.352865 0.441204 0.015104 0.026852
2 0.555990 0.263426 0.015104 0.026852
3 0.530990 0.534722 0.014063 0.025000
3 0.578906 0.114352 0.014063 0.025000
3 0.808073 0.614352 0.014063 0.025000
3 0.344531 0.902315 0.014063 0.025000
3 0.223177 0.089352 0.014063 0.025000
3 0.312760 0.146759 0.014063 0.025000
4 0.810156 0.558796 0.014063 0.025000
5 0.914062 0.125000 0.013542 0.033333
5 0.695833 0.027778 0.013542 0.033333
5 0.826562 0.219444 0.013542 0.033333
5 0.976562 0.627778 0.013542 0.033333
5 0.356771 0.651852 0.013542 0.033333
5 0.094792 0.836111 0.013542 0.033333
6 0.649219 0.670833 0.014063 0.025000
6 0.412240 0.217130 0.014063 0.025000
7 0.859896 0.645833 0.013542 0.028704
8 0.240104 0.278241 0.012500 0.028704
8 0.444271 0.076389 0.012500 0.028704
8 0.007812 0.259722 0.012500 0.028704
8 0.134896 0.969907 0.012500 0.028704
8 0.490625 0.165278 0.012500 0.028704
8 0.682813 0.372685 0.012500 0.028704
8 0.686979 0.063426 0.012500 0.028704
8 0.440625 0.169907 0.012500 0.028704
8 0.893750 0.554167 0.012500 0.028704
8 0.663021 0.981019 0.012500 0.028704
9 0.145313 0.574074 0.011458 0.027778
9 0.722396 0.707407 0.011458 0.027778
9 0.159375 0.025926 0.011458 0.027778
9 0.740104 0.816667 0.011458 0.027778
9 0.464062 0.112963 0.011458 0.027778
9 0.371875 0.166667 0.011458 0.027778
9 0.942708 0.205556 0.011458 0.027778
10 0.820833 0.480556 0.011458 0.027778
10 0.146875 0.360185 0.011458 0.027778
10 0.545312 0.409259 0.011458 0.027778
11 0.336979 0.143056 0.013542 0.028704
11 0.061458 0.891204 0.013542 0.028704
11 0.530729 0.790278 0.013542 0.028704
11 0.391667 0.709722 0.013542 0.028704
11 0.255729 0.712500 0.013542 0.028704
11 0.682813 0.915278 0.013542 0.028704
11 0.410938 0.170833 0.013542 0.028704
11 0.830729 0.437500 0.013542 0.028704
11 0.516146 0.888426 0.013542 0.028704
12 0.457031 0.895370 0.014063 0.033333
12 0.182031 0.391667 0.014063 0.033333
12 0.970052 0.293519 0.014063 0.033333
12 0.775781 0.665741 0.014063 0.033333
12 0.802344 0.941667 0.014063 0.033333
12 0.393490 0.599074 0.014063 0.033333
12 0.240365 0.371296 0.014063 0.033333
12 0.076823 0.623148 0.014063 0.033333
12 0.616406 0.717593 0.014063 0.033333
12 0.025260 0.766667 0.014063 0.033333
