0 0.784115 0.693056 0.014063 0.025000
0 0.790365 0.406019 0.014063 0.025000
0 0.934115 0.268981 0.014063 0.025000
0 0.121615 0.249537 0.014063 0.025000
0 0.237760 0.518056 0.014063 0.025000
0 0.404948 0.477315 0.014063 0.025000
0 0.578385 0.714352 0.014063 0.025000
0 0.504948 0.277315 0.014063 0.025000
0 0.617969 0.555093 0.014063 0.025000
1 0.909896 0.209259 0.014583 0.025926
2 0.380469 0.035648 0.015104 0.026852
2 0.436719 0.570833 0.015104 0.026852
2 0.256510 0.172685 0.015104 0.026852
2 0.748698 0.162500 0.015104 0.026852
2 0.981510 0.468981 0.015104 0.026852
2 0.070052 0.929167 0.015104 0.026852
2 0.895573 0.501389 0.015104 0.026852
2 0.678906 0.256019 0.015104 0.026852
3 0.546615 0.065278 0.014063 0.025000
4 0.513281 0.711574 0.014063 0.025000
4 0.445573 0.687500 0.014063 0.025000
4 0.362240 0.649537 0.014063 0.025000
4 0.961198 0.518056 0.014063 0.025000
4 0.694010 0.059722 0.014063 0.025000
4 0.461198 0.532870 0.014063 0.025000
4 0.377344 0.810648 0.014063 0.025000
4 0.062760 0.346759 0.014063 0.025000
4 0.198177 0.222685 0.014063 0.025000
5 0.902604 0.122222 0.013542 0.033333
5 0.103125 0.147222 0.013542 0.033333
5 0.704688 0.457407 0.013542 0.033333
6 0.074740 0.490278 0.014063 0.025000
6 0.513802 0.089352 0.014063 0.025000
8 0.040625 0.889352 0.012500 0.028704
8 0.324479 0.471759 0.012500 0.028704
8 0.226562 0.902315 0.012500 0.028704
8 0.354687 0.818981 0.012500 0.028704
8 0.291667 0.763426 0.012500 0.028704
8 0.875521 0.456944 0.012500 0.028704
8 0.654687 0.731019 0.012500 0.028704
9 0.174479 0.849074 0.011458 0.027778
9 0.894271 0.368519 0.011458 0.027778
10 0.613021 0.480556 0.011458 0.027778
10 0.457813 0.082407 0.011458 0.027778
10 0.599479 0.306481 0.011458 0.027778
10 0.457292 0.962037 0.011458 0.027778
10 0.630208 0.949074 0.011458 0.027778
10 0.457813 0.379630 0.011458 0.027778
10 0.805208 0.275926 0.011458 0.027778
10 0.499479 0.600926 0.011458 0.027778
10 0.729167 0.540741 0.011458 0.027778
11 0.240104 0.901389 0.013542 0.028704
11 0.367188 0.916204 0.013542 0.028704
11 0.986979 0.923611 0.013542 0.028704
11 0.068229 0.106944 0.013542 0.028704
11 0.274479 0.984722 0.013542 0.028704
11 0.229167 0.065278 0.013542 0.028704
12 0.769010 0.353704 0.014063 0.033333
12 0.184635 0.314815 0.014063 0.033333
12 0.953906 0.590741 0.014063 0.033333
12 0.619010 0.200926 0.014063 0.033333
12 0.434635 0.483333 0.014063 0.033333
12 0.013281 0.322222 0.014063 0.033333
12 0.386719 0.463889 0.014063 0.033333
