0 0.218490 0.384722 0.014063 0.025000
0 0.589844 0.418056 0.014063 0.025000
0 0.513281 0.410648 0.014063 0.025000
0 0.171094 0.684722 0.014063 0.025000
0 0.676302 0.916204 0.014063 0.025000
1 0.360417 0.900000 0.014583 0.025926
2 0.022656 0.068981 0.015104 0.026852
2 0.403906 0.278241 0.015104 0.026852
2 0.286198 0.160648 0.015104 0.026852
2 0.750781 0.967130 0.015104 0.026852
3 0.387760 0.336574 0.014063 0.025000
3 0.048177 0.643056 0.014063 0.025000
3 0.144531 0.920833 0.014063 0.025000
4 0.491927 0.165278 0.014063 0.025000
4 0.270573 0.821759 0.014063 0.025000
4 0.079948 0.092130 0.014063 0.025000
5 0.328125 0.870370 0.013542 0.033333
5 0.929167 0.327778 0.013542 0.033333
5 0.330208 0.274074 0.013542 0.033333
5 0.372396 0.084259 0.013542 0.033333
5 0.630208 0.978704 0.013542 0.033333
5 0.628646 0.941667 0.013542 0.033333
5 0.030729 0.830556 0.013542 0.033333
5 0.335417 0.371296 0.013542 0.033333
5 0.616667 0.275926 0.013542 0.033333
5 0.771875 0.367593 0.013542 0.033333
6 0.390365 0.543981 0.014063 0.025000
6 0.717448 0.737500 0.014063 0.025000
6 0.992448 0.687500 0.014063 0.025000
6 0.899219 0.540278 0.014063 0.025000
6 0.296615 0.386574 0.014063 0.025000
6 0.812240 0.313426 0.014063 0.025000
6 0.397656 0.571759 0.014063 0.025000
6 0.394010 0.716204 0.014063 0.025000
7 0.661979 0.228241 0.013542 0.028704
7 0.879687 0.746759 0.013542 0.028704
7 0.089063 0.183796 0.013542 0.028704
7 0.246875 0.453241 0.013542 0.028704
8 0.775521 0.328241 0.012500 0.028704
8 0.626042 0.068981 0.012500 0.028704
8 0.594271 0.238426 0.012500 0.028704
8 0.643229 0.921759 0.012500 0.028704
9 0.787500 0.378704 0.011458 0.027778
9 0.598958 0.283333 0.011458 0.027778
9 0.246354 0.573148 0.011458 0.027778
9 0.947396 0.637037 0.011458 0.027778
9 0.681250 0.856481 0.011458 0.027778
9 0.875000 0.576852 0.011458 0.027778
9 0.699479 0.561111 0.011458 0.027778
10 0.360417 0.868519 0.011458 0.027778
10 0.660937 0.733333 0.011458 0.027778
10 0.215104 0.091667 0.011458 0.027778
10 0.870313 0.199074 0.011458 0.027778
12 0.131510 0.428704 0.014063 0.033333
12 0.449219 0.322222 0.014063 0.033333
12 0.132031 0.761111 0.014063 0.033333
12 0.641927 0.553704 0.014063 0.033333
12 0.722135 0.073148 0.014063 0.033333
12 0.884115 0.428704 0.014063 0.033333
13 0.538542 0.933333 0.013542 0.027778
13 0.588542 0.168519 0.013542 0.027778
13 0.978646 0.897222 0.013542 0.027778
13 0.316667 0.631481 0.013542 0.027778
13 0.072396 0.404630 0.013542 0.027778
13 0.705208 0.885185 0.013542 0.027778
13 0.840104 0.262963 0.013542 0.027778
13 0.126562 0.544444 0.013542 0.027778
13 0.383333 0.221296 0.013542 0.027778
