0 0.385677 0.503241 0.014063 0.025000
0 0.507552 0.882870 0.014063 0.025000
0 0.386719 0.946759 0.014063 0.025000
0 0.626302 0.602315 0.014063 0.025000
0 0.331510 0.166204 0.014063 0.025000
0 0.477865 0.774537 0.014063 0.025000
0 0.484635 0.593981 0.014063 0.025000
0 0.118490 0.251389 0.014063 0.025000
0 0.119531 0.296759 0.014063 0.025000
1 0.295833 0.111111 0.014583 0.025926
1 0.035417 0.492593 0.014583 0.025926
1 0.435937 0.903704 0.014583 0.025926
1 0.616667 0.652778 0.014583 0.025926
1 0.252604 0.712037 0.014583 0.025926
1 0.008333 0.850926 0.014583 0.025926
3 0.038802 0.034722 0.014063 0.025000
3 0.761198 0.445833 0.014063 0.025000
3 0.574219 0.652315 0.014063 0.025000
3 0.584635 0.958796 0.014063 0.025000
3 0.401302 0.237500 0.014063 0.025000
3 0.833073 0.409722 0.014063 0.025000
3 0.246615 0.918981 0.014063 0.025000
5 0.553125 0.548148 0.013542 0.033333
5 0.957812 0.383333 0.013542 0.033333
5 0.108333 0.607407 0.013542 0.033333
5 0.844792 0.490741 0.013542 0.033333
5 0.273438 0.233333 0.013542 0.033333
5 0.041146 0.732407 0.013542 0.033333
5 0.928646 0.117593 0.013542 0.033333
5 0.045312 0.358333 0.013542 0.033333
6 0.684115 0.512500 0.014063 0.025000
6 0.014844 0.678241 0.014063 0.025000
6 0.816406 0.894907 0.014063 0.025000
6 0.460677 0.147685 0.014063 0.025000
6 0.367969 0.149537 0.014063 0.025000
6 0.138281 0.586574 0.014063 0.025000
7 0.220312 0.623611 0.013542 0.028704
7 0.164583 0.512500 0.013542 0.028704
7 0.181250 0.492130 0.013542 0.028704
7 0.363542 0.266204 0.013542 0.028704
7 0.464583 0.233796 0.013542 0.028704
7 0.737500 0.972685 0.013542 0.028704
8 0.315625 0.282870 0.012500 0.028704
8 0.201042 0.513426 0.012500 0.028704
8 0.395833 0.548611 0.012500 0.028704
8 0.235417 0.224537 0.012500 0.028704
8 0.727604 0.819907 0.012500 0.028704
9 0.360938 0.969444 0.011458 0.027778
9 0.502604 0.762963 0.011458 0.027778
9 0.241146 0.792593 0.011458 0.027778
10 0.533854 0.254630 0.011458 0.027778
10 0.233854 0.025000 0.011458 0.027778
10 0.327083 0.468519 0.011458 0.027778
11 0.338021 0.942130 0.013542 0.028704
11 0.960938 0.162500 0.013542 0.028704
11 0.631250 0.741204 0.013542 0.028704
11 0.546875 0.737500 0.013542 0.028704
11 0.015625 0.751389 0.013542 0.028704
11 0.419271 0.125463 0.013542 0.028704
11 0.153125 0.288426 0.013542 0.028704
11 0.271354 0.520833 0.013542 0.028704
11 0.304688 0.820833 0.013542 0.028704
11 0.385417 0.291204 0.013542 0.028704
12 0.682031 0.437037 0.014063 0.033333
12 0.693490 0.864815 0.014063 0.033333
12 0.824740 0.756481 0.014063 0.033333
12 0.146615 0.946296 0.014063 0.033333
12 0.908594 0.087963 0.014063 0.033333
12 0.436719 0.399074 0.014063 0.033333
12 0.592969 0.287037 0.014063 0.033333
12 0.748177 0.912037 0.014063 0.033333
12 0.635677 0.525000 0.014063 0.033333
13 0.209375 0.303704 0.013542 0.027778
13 0.133854 0.428704 0.013542 0.027778
13 0.941667 0.420370 0.013542 0.027778
13 0.596875 0.842593 0.013542 0.027778
13 0.247917 0.177778 0.013542 0.027778
13 0.682292 0.225926 0.013542 0.027778
13 0.402604 0.422222 0.013542 0.027778
13 0.488542 0.630556 0.013542 0.027778
