0 0.691927 0.257870 0.014063 0.025000
0 0.678385 0.343981 0.014063 0.025000
0 0.120573 0.651389 0.014063 0.025000
0 0.374740 0.750463 0.014063 0.025000
0 0.419010 0.183796 0.014063 0.025000
0 0.141406 0.879167 0.014063 0.025000
0 0.684115 0.142130 0.014063 0.025000
0 0.607031 0.761574 0.014063 0.025000
0 0.786719 0.489352 0.014063 0.025000
0 0.697656 0.856019 0.014063 0.025000
1 0.334375 0.691667 0.014583 0.025926
1 0.660937 0.073148 0.014583 0.025926
1 0.792188 0.163889 0.014583 0.025926
1 0.621875 0.364815 0.014583 0.025926
1 0.163021 0.095370 0.014583 0.025926
1 0.638542 0.682407 0.014583 0.025926
1 0.856771 0.710185 0.014583 0.025926
1 0.456250 0.122222 0.014583 0.025926
1 0.375000 0.430556 0.014583 0.025926
2 0.198698 0.683796 0.015104 0.026852
2 0.544531 0.768056 0.015104 0.026852
2 0.182552 0.933796 0.015104 0.026852
2 0.074219 0.766204 0.015104 0.026852
2 0.599219 0.015278 0.015104 0.026852
2 0.340365 0.403241 0.015104 0.026852
2 0.044010 0.510648 0.015104 0.026852
2 0.771615 0.168981 0.015104 0.026852
2 0.088802 0.930093 0.015104 0.026852
2 0.469010 0.576389 0.015104 0.026852
3 0.660677 0.900463 0.014063 0.025000
3 0.880469 0.462500 0.014063 0.025000
3 0.889844 0.869907 0.014063 0.025000
4 0.432552 0.560648 0.014063 0.025000
4 0.145052 0.029167 0.014063 0.025000
4 0.135677 0.098611 0.014063 0.025000
4 0.542448 0.600463 0.014063 0.025000
5 0.304167 0.227778 0.013542 0.033333
5 0.025000 0.716667 0.013542 0.033333
6 0.366406 0.103241 0.014063 0.025000
6 0.477344 0.415278 0.014063 0.025000
6 0.288802 0.869907 0.014063 0.025000
6 0.876302 0.149537 0.014063 0.025000
6 0.726823 0.074537 0.014063 0.025000
6 0.188281 0.876389 0.014063 0.025000
6 0.800260 0.308796 0.014063 0.025000
6 0.022135 0.442130 0.014063 0.025000
7 0.934896 0.265278 0.013542 0.028704
7 0.343229 0.073611 0.013542 0.028704
7 0.176042 0.365278 0.013542 0.028704
7 0.714583 0.370833 0.013542 0.028704
7 0.479687 0.047685 0.013542 0.028704
7 0.328646 0.226389 0.013542 0.028704
8 0.128125 0.501389 0.012500 0.028704
8 0.740625 0.648611 0.012500 0.028704
8 0.403646 0.170833 0.012500 0.028704
8 0.630208 0.221759 0.012500 0.028704
8 0.416146 0.056944 0.012500 0.028704
8 0.343750 0.242130 0.012500 0.028704
8 0.841146 0.974537 0.012500 0.028704
8 0.773958 0.760648 0.012500 0.028704
8 0.528125 0.244907 0.012500 0.028704
8 0.370833 0.717130 0.012500 0.028704
9 0.160938 0.297222 0.011458 0.027778
10 0.870313 0.824074 0.011458 0.027778
10 0.468229 0.946296 0.011458 0.027778
10 0.919792 0.712037 0.011458 0.027778
10 0.569271 0.765741 0.011458 0.027778
10 0.585417 0.505556 0.011458 0.027778
10 0.456771 0.489815 0.011458 0.027778
10 0.627083 0.048148 0.011458 0.027778
10 0.151562 0.228704 0.011458 0.027778
10 0.733333 0.200926 0.011458 0.027778
12 0.088281 0.397222 0.014063 0.033333
12 0.330990 0.567593 0.014063 0.033333
12 0.483073 0.903704 0.014063 0.033333
12 0.050260 0.810185 0.014063 0.033333
12 0.450260 0.259259 0.014063 0.033333
12 0.610156 0.101852 0.014063 0.033333
12 0.503385 0.495370 0.014063 0.033333
12 0.802344 0.568519 0.014063 0.033333
12 0.650781 0.120370 0.014063 0.033333
12 0.289844 0.819444 0.014063 0.033333
13 0.535417 0.962037 0.013542 0.027778
13 0.595313 0.285185 0.013542 0.027778
13 0.870833 0.415741 0.013542 0.027778
13 0.977604 0.345370 0.013542 0.027778
13 0.931250 0.455556 0.013542 0.027778
13 0.744271 0.894444 0.013542 0.027778
13 0.013542 0.572222 0.013542 0.027778
13 0.059375 0.053704 0.013542 0.027778
13 0.750521 0.025926 0.013542 0.027778
