1 0.069792 0.971296 0.014583 0.025926
1 0.738542 0.913889 0.014583 0.025926
1 0.887500 0.878704 0.014583 0.025926
1 0.828646 0.636111 0.014583 0.025926
1 0.491146 0.503704 0.014583 0.025926
2 0.497656 0.475463 0.015104 0.026852
2 0.043490 0.032870 0.015104 0.026852
2 0.297656 0.701389 0.015104 0.026852
2 0.990885 0.681019 0.015104 0.026852
2 0.087240 0.808796 0.015104 0.026852
2 0.427344 0.055093 0.015104 0.026852
2 0.702865 0.200463 0.015104 0.026852
2 0.551823 0.442130 0.015104 0.026852
2 0.027865 0.291204 0.015104 0.026852
3 0.259115 0.228241 0.014063 0.025000
3 0.630469 0.745833 0.014063 0.025000
3 0.958073 0.488426 0.014063 0.025000
3 0.608594 0.479167 0.014063 0.025000
3 0.842969 0.228241 0.014063 0.025000
3 0.759115 0.344907 0.014063 0.025000
3 0.152865 0.307870 0.014063 0.025000
3 0.697135 0.301389 0.014063 0.025000
3 0.179948 0.958796 0.014063 0.025000
4 0.330990 0.623611 0.014063 0.025000
5 0.108854 0.240741 0.013542 0.033333
5 0.235937 0.363889 0.013542 0.033333
5 0.808333 0.859259 0.013542 0.033333
5 0.061458 0.884259 0.013542 0.033333
5 0.958854 0.262963 0.013542 0.033333
6 0.413281 0.533796 0.014063 0.025000
6 0.346094 0.069907 0.014063 0.025000
6 0.819010 0.103241 0.014063 0.025000
6 0.784115 0.895833 0.014063 0.025000
6 0.478385 0.180093 0.014063 0.025000
6 0.473177 0.151389 0.014063 0.025000
6 0.717969 0.805093 0.014063 0.025000
6 0.972135 0.172685 0.014063 0.025000
6 0.286198 0.939352 0.014063 0.025000
7 0.468229 0.825463 0.013542 0.028704
7 0.610938 0.389352 0.013542 0.028704
7 0.230208 0.858796 0.013542 0.028704
7 0.226042 0.446759 0.013542 0.028704
7 0.489063 0.064352 0.013542 0.028704
7 0.758333 0.530093 0.013542 0.028704
7 0.731250 0.673611 0.013542 0.028704
7 0.501563 0.687500 0.013542 0.028704
8 0.479167 0.862500 0.012500 0.028704
8 0.043750 0.241204 0.012500 0.028704
8 0.728646 0.517130 0.012500 0.028704
8 0.401042 0.586574 0.012500 0.028704
8 0.773958 0.278241 0.012500 0.028704
8 0.606250 0.237500 0.012500 0.028704
8 0.595313 0.335648 0.012500 0.028704
8 0.346354 0.643056 0.012500 0.028704
9 0.871875 0.375000 0.011458 0.027778
9 0.878125 0.779630 0.011458 0.027778
9 0.890625 0.355556 0.011458 0.027778
9 0.932813 0.823148 0.011458 0.027778
9 0.078646 0.690741 0.011458 0.027778
9 0.513021 0.224074 0.011458 0.027778
10 0.350521 0.794444 0.011458 0.027778
10 0.366146 0.970370 0.011458 0.027778
10 0.672917 0.814815 0.011458 0.027778
10 0.213542 0.729630 0.011458 0.027778
10 0.843750 0.309259 0.011458 0.027778
10 0.802604 0.297222 0.011458 0.027778
10 0.142187 0.686111 0.011458 0.027778
11 0.858333 0.512500 0.013542 0.028704
11 0.654167 0.565278 0.013542 0.028704
11 0.505729 0.378241 0.013542 0.028704
11 0.353646 0.131019 0.013542 0.028704
11 0.940625 0.118981 0.013542 0.028704
13 0.563021 0.597222 0.013542 0.027778
13 0.123958 0.612037 0.013542 0.027778
13 0.016146 0.492593 0.013542 0.027778
