0 0.307031 0.732870 0.014063 0.025000
0 0.782031 0.282870 0.014063 0.025000
0 0.801302 0.578241 0.014063 0.025000
0 0.650781 0.234722 0.014063 0.025000
0 0.487760 0.902315 0.014063 0.025000
0 0.829948 0.303241 0.014063 0.025000
0 0.699219 0.439352 0.014063 0.025000
0 0.306510 0.145833 0.014063 0.025000
0 0.441927 0.026389 0.014063 0.025000
0 0.028906 0.417130 0.014063 0.025000
1 0.309896 0.943519 0.014583 0.025926
1 0.326562 0.530556 0.014583 0.025926
1 0.355208 0.771296 0.014583 0.025926
1 0.331250 0.034259 0.014583 0.025926
1 0.393750 0.278704 0.014583 0.025926
1 0.391146 0.187037 0.014583 0.025926
1 0.551042 0.162037 0.014583 0.025926
1 0.905208 0.683333 0.014583 0.025926
1 0.880729 0.975000 0.014583 0.025926
2 0.766406 0.547685 0.015104 0.026852
4 0.206510 0.334722 0.014063 0.025000
4 0.785677 0.756944 0.014063 0.025000
4 0.800260 0.358796 0.014063 0.025000
4 0.455469 0.966204 0.014063 0.025000
4 0.284635 0.352315 0.014063 0.025000
4 0.644010 0.069907 0.014063 0.025000
4 0.065365 0.634722 0.014063 0.025000
4 0.559115 0.856944 0.014063 0.025000
5 0.909896 0.141667 0.013542 0.033333
5 0.321354 0.704630 0.013542 0.033333
5 0.883854 0.861111 0.013542 0.033333
5 0.136458 0.435185 0.013542 0.033333
5 0.597917 0.572222 0.013542 0.033333
5 0.019792 0.530556 0.013542 0.033333
5 0.326562 0.943519 0.013542 0.033333
5 0.466146 0.915741 0.013542 0.033333
6 0.888802 0.136574 0.014063 0.025000
6 0.379427 0.092130 0.014063 0.025000
6 0.011198 0.494907 0.014063 0.025000
7 0.279687 0.024537 0.013542 0.028704
7 0.842708 0.110648 0.013542 0.028704
7 0.199479 0.675463 0.013542 0.028704
7 0.551042 0.456019 0.013542 0.028704
7 0.502604 0.367130 0.013542 0.028704
7 0.799479 0.862500 0.013542 0.028704
7 0.609896 0.668056 0.013542 0.028704
7 0.697396 0.963426 0.013542 0.028704
8 0.140104 0.679167 0.012500 0.028704
8 0.729688 0.526389 0.012500 0.028704
8 0.295312 0.092130 0.012500 0.028704
8 0.159375 0.352315 0.012500 0.028704
8 0.804167 0.176389 0.012500 0.028704
8 0.649479 0.860648 0.012500 0.028704
8 0.881771 0.752315 0.012500 0.028704
8 0.163021 0.189352 0.012500 0.028704
9 0.419792 0.386111 0.011458 0.027778
9 0.129688 0.600926 0.011458 0.027778
9 0.595833 0.121296 0.011458 0.027778
9 0.723437 0.134259 0.011458 0.027778
10 0.985938 0.555556 0.011458 0.027778
10 0.948958 0.305556 0.011458 0.027778
10 0.168229 0.522222 0.011458 0.027778
12 0.221615 0.207407 0.014063 0.033333
12 0.382552 0.424074 0.014063 0.033333
12 0.045052 0.201852 0.014063 0.033333
12 0.639844 0.667593 0.014063 0.033333
12 0.929948 0.134259 0.014063 0.033333
12 0.077344 0.397222 0.014063 0.033333
12 0.220573 0.855556 0.014063 0.033333
12 0.082552 0.338889 0.014063 0.033333
12 0.155990 0.827778 0.014063 0.033333
13 0.107292 0.284259 0.013542 0.027778
13 0.954688 0.724074 0.013542 0.027778
13 0.468750 0.349074 0.013542 0.027778
13 0.814063 0.737037 0.013542 0.027778
13 0.851042 0.330556 0.013542 0.027778
