1 0.165625 0.596296 0.014583 0.025926
2 0.888802 0.187500 0.015104 0.026852
2 0.473177 0.737500 0.015104 0.026852
2 0.516406 0.584722 0.015104 0.026852
2 0.603906 0.208796 0.015104 0.026852
2 0.793490 0.379167 0.015104 0.026852
2 0.544531 0.868056 0.015104 0.026852
2 0.935156 0.195833 0.015104 0.026852
3 0.499219 0.265278 0.014063 0.025000
3 0.508073 0.142130 0.014063 0.025000
3 0.592448 0.709722 0.014063 0.025000
3 0.992448 0.133796 0.014063 0.025000
3 0.835156 0.772685 0.014063 0.025000
4 0.306510 0.680093 0.014063 0.025000
5 0.573958 0.690741 0.013542 0.033333
5 0.603125 0.596296 0.013542 0.033333
5 0.022917 0.648148 0.013542 0.033333
5 0.877083 0.517593 0.013542 0.033333
5 0.696875 0.786111 0.013542 0.033333
5 0.874479 0.926852 0.013542 0.033333
5 0.669792 0.245370 0.013542 0.033333
6 0.491406 0.741204 0.014063 0.025000
6 0.273177 0.595833 0.014063 0.025000
6 0.185156 0.234722 0.014063 0.025000
6 0.016927 0.213426 0.014063 0.025000
6 0.441927 0.987500 0.014063 0.025000
6 0.924219 0.921759 0.014063 0.025000
6 0.615365 0.839352 0.014063 0.025000
6 0.700260 0.931019 0.014063 0.025000
6 0.949740 0.104167 0.014063 0.025000
6 0.797656 0.297685 0.014063 0.025000
7 0.370833 0.406019 0.013542 0.028704
7 0.250000 0.697685 0.013542 0.028704
7 0.208333 0.283796 0.013542 0.028704
7 0.926042 0.961574 0.013542 0.028704
8 0.485417 0.822685 0.012500 0.028704
8 0.199479 0.848611 0.012500 0.028704
8 0.109896 0.109722 0.012500 0.028704
9 0.795312 0.745370 0.011458 0.027778
9 0.895312 0.350000 0.011458 0.027778
9 0.241146 0.211111 0.011458 0.027778
9 0.657292 0.542593 0.011458 0.027778
9 0.900521 0.616667 0.011458 0.027778
9 0.741667 0.595370 0.011458 0.027778
10 0.978646 0.283333 0.011458 0.027778
10 0.120313 0.899074 0.011458 0.027778
10 0.017188 0.700926 0.011458 0.027778
10 0.390104 0.631481 0.011458 0.027778
10 0.445833 0.355556 0.011458 0.027778
10 0.588021 0.821296 0.011458 0.027778
11 0.633333 0.056944 0.013542 0.028704
11 0.706250 0.268056 0.013542 0.028704
11 0.768229 0.593056 0.013542 0.028704
11 0.645833 0.452315 0.013542 0.028704
11 0.935937 0.655093 0.013542 0.028704
12 0.864844 0.283333 0.014063 0.033333
12 0.139323 0.301852 0.014063 0.033333
13 0.827083 0.729630 0.013542 0.027778
13 0.328646 0.958333 0.013542 0.027778
13 0.568229 0.112037 0.013542 0.027778
13 0.206771 0.887963 0.013542 0.027778
13 0.371875 0.528704 0.013542 0.027778
13 0.489063 0.141667 0.013542 0.027778
13 0.533333 0.408333 0.013542 0.027778
13 0.674479 0.615741 0.013542 0.027778
13 0.783333 0.716667 0.013542 0.027778
