0 0.232031 0.016204 0.014063 0.025000
0 0.133073 0.041204 0.014063 0.025000
0 0.840885 0.102315 0.014063 0.025000
0 0.494531 0.551389 0.014063 0.025000
0 0.436198 0.862500 0.014063 0.025000
0 0.214323 0.132870 0.014063 0.025000
1 0.777604 0.718519 0.014583 0.025926
1 0.041667 0.685185 0.014583 0.025926
1 0.902083 0.621296 0.014583 0.025926
1 0.871875 0.252778 0.014583 0.025926
1 0.350521 0.373148 0.014583 0.025926
1 0.751563 0.666667 0.014583 0.025926
1 0.722396 0.785185 0.014583 0.025926
1 0.111979 0.104630 0.014583 0.025926
2 0.877865 0.853241 0.015104 0.026852
2 0.895573 0.131019 0.015104 0.026852
2 0.340365 0.814352 0.015104 0.026852
2 0.533594 0.125463 0.015104 0.026852
2 0.190365 0.021759 0.015104 0.026852
2 0.670573 0.685648 0.015104 0.026852
2 0.678385 0.303241 0.015104 0.026852
3 0.238281 0.298611 0.014063 0.025000
3 0.360156 0.694907 0.014063 0.025000
3 0.170052 0.723611 0.014063 0.025000
3 0.214844 0.496759 0.014063 0.025000
4 0.045573 0.423611 0.014063 0.025000
4 0.196615 0.364352 0.014063 0.025000
4 0.499219 0.816204 0.014063 0.025000
5 0.164583 0.866667 0.013542 0.033333
5 0.395833 0.080556 0.013542 0.033333
5 0.433854 0.546296 0.013542 0.033333
5 0.261458 0.380556 0.013542 0.033333
5 0.905208 0.735185 0.013542 0.033333
6 0.886719 0.157870 0.014063 0.025000
6 0.851823 0.382870 0.014063 0.025000
6 0.165365 0.668056 0.014063 0.025000
6 0.661719 0.913426 0.014063 0.025000
6 0.383073 0.276389 0.014063 0.025000
6 0.714844 0.953241 0.014063 0.025000
6 0.167969 0.805093 0.014063 0.025000
6 0.065885 0.027315 0.014063 0.025000
6 0.342969 0.065278 0.014063 0.025000
7 0.664062 0.639352 0.013542 0.028704
7 0.261458 0.250463 0.013542 0.028704
7 0.601562 0.115278 0.013542 0.028704
7 0.923958 0.407870 0.013542 0.028704
7 0.537500 0.289352 0.013542 0.028704
7 0.405208 0.229167 0.013542 0.028704
7 0.454167 0.421759 0.013542 0.028704
7 0.081250 0.356944 0.013542 0.028704
7 0.844792 0.040278 0.013542 0.028704
8 0.456250 0.747685 0.012500 0.028704
8 0.718750 0.601389 0.012500 0.028704
9 0.778646 0.265741 0.011458 0.027778
9 0.633854 0.058333 0.011458 0.027778
9 0.497396 0.120370 0.011458 0.027778
9 0.920312 0.857407 0.011458 0.027778
9 0.326562 0.812963 0.011458 0.027778
9 0.573438 0.644444 0.011458 0.027778
9 0.818229 0.621296 0.011458 0.027778
9 0.250521 0.481481 0.011458 0.027778
10 0.504687 0.252778 0.011458 0.027778
10 0.985417 0.441667 0.011458 0.027778
10 0.048958 0.641667 0.011458 0.027778
10 0.183854 0.484259 0.011458 0.027778
10 0.801562 0.044444 0.011458 0.027778
10 0.691667 0.061111 0.011458 0.027778
10 0.079687 0.710185 0.011458 0.027778
10 0.738542 0.729630 0.011458 0.027778
10 0.822917 0.202778 0.011458 0.027778
10 0.285938 0.581481 0.011458 0.027778
11 0.088021 0.751389 0.013542 0.028704
11 0.870313 0.217130 0.013542 0.028704
11 0.452083 0.919907 0.013542 0.028704
11 0.198958 0.639352 0.013542 0.028704
11 0.645833 0.474537 0.013542 0.028704
11 0.311458 0.746759 0.013542 0.028704
11 0.159896 0.638426 0.013542 0.028704
11 0.655729 0.590278 0.013542 0.028704
11 0.476042 0.349537 0.013542 0.028704
12 0.331510 0.688889 0.014063 0.033333
12 0.207552 0.849074 0.014063 0.033333
12 0.162760 0.047222 0.014063 0.033333
12 0.064844 0.960185 0.014063 0.033333
12 0.514844 0.737037 0.014063 0.033333
12 0.915365 0.128704 0.014063 0.033333
12 0.485156 0.642593 0.014063 0.033333
12 0.800260 0.252778 0.014063 0.033333
13 0.702604 0.424074 0.013542 0.027778
13 0.101042 0.424074 0.013542 0.027778
