0 0.435677 0.637500 0.014063 0.025000
0 0.158073 0.694907 0.014063 0.025000
0 0.315885 0.256944 0.014063 0.025000
0 0.770052 0.720833 0.014063 0.025000
0 0.954427 0.361574 0.014063 0.025000
0 0.835156 0.180093 0.014063 0.025000
1 0.809375 0.665741 0.014583 0.025926
1 0.433854 0.212037 0.014583 0.025926
1 0.408854 0.922222 0.014583 0.025926
1 0.546354 0.980556 0.014583 0.025926
1 0.702604 0.934259 0.014583 0.025926
1 0.298958 0.853704 0.014583 0.025926
1 0.908333 0.499074 0.014583 0.025926
2 0.645573 0.261574 0.015104 0.026852
2 0.246615 0.603241 0.015104 0.026852
2 0.557552 0.361574 0.015104 0.026852
2 0.176823 0.639352 0.015104 0.026852
2 0.514323 0.772685 0.015104 0.026852
2 0.784635 0.665278 0.015104 0.026852
2 0.667969 0.072685 0.015104 0.026852
3 0.479427 0.094907 0.014063 0.025000
3 0.366406 0.206019 0.014063 0.025000
3 0.340885 0.383796 0.014063 0.025000
3 0.716406 0.183796 0.014063 0.025000
3 0.959115 0.113426 0.014063 0.025000
3 0.209115 0.234722 0.014063 0.025000
3 0.497135 0.199537 0.014063 0.025000
3 0.525260 0.193056 0.014063 0.025000
4 0.110677 0.233796 0.014063 0.025000
4 0.642448 0.743056 0.014063 0.025000
4 0.361198 0.444907 0.014063 0.025000
4 0.815885 0.148611 0.014063 0.025000
4 0.526302 0.043981 0.014063 0.025000
4 0.107031 0.356019 0.014063 0.025000
4 0.526823 0.329167 0.014063 0.025000
5 0.713021 0.850926 0.013542 0.033333
5 0.943229 0.297222 0.013542 0.033333
5 0.179688 0.434259 0.013542 0.033333
5 0.721875 0.396296 0.013542 0.033333
5 0.178646 0.517593 0.013542 0.033333
5 0.826042 0.982407 0.013542 0.033333
5 0.625521 0.553704 0.013542 0.033333
6 0.844010 0.579167 0.014063 0.025000
6 0.706510 0.059722 0.014063 0.025000
6 0.215365 0.450463 0.014063 0.025000
6 0.783594 0.256944 0.014063 0.025000
6 0.453385 0.450463 0.014063 0.025000
6 0.353906 0.688426 0.014063 0.025000
6 0.672656 0.949537 0.014063 0.025000
6 0.428385 0.969907 0.014063 0.025000
6 0.576302 0.377315 0.014063 0.025000
6 0.641927 0.125463 0.014063 0.025000
7 0.506250 0.414352 0.013542 0.028704
7 0.114062 0.293981 0.013542 0.028704
7 0.823958 0.772685 0.013542 0.028704
7 0.461979 0.286574 0.013542 0.028704
7 0.680729 0.177315 0.013542 0.028704
7 0.145313 0.525463 0.013542 0.028704
7 0.336979 0.331019 0.013542 0.028704
8 0.688542 0.783796 0.012500 0.028704
8 0.127083 0.472685 0.012500 0.028704
8 0.774479 0.623611 0.012500 0.028704
9 0.017188 0.807407 0.011458 0.027778
9 0.399479 0.025000 0.011458 0.027778
9 0.535417 0.843519 0.011458 0.027778
9 0.292708 0.250000 0.011458 0.027778
9 0.509896 0.037963 0.011458 0.027778
9 0.243750 0.897222 0.011458 0.027778
9 0.566667 0.461111 0.011458 0.027778
9 0.831250 0.219444 0.011458 0.027778
10 0.176042 0.323148 0.011458 0.027778
10 0.276042 0.100000 0.011458 0.027778
10 0.631771 0.167593 0.011458 0.027778
10 0.033333 0.236111 0.011458 0.027778
10 0.969792 0.042593 0.011458 0.027778
10 0.543229 0.902778 0.011458 0.027778
10 0.290104 0.770370 0.011458 0.027778
11 0.702604 0.313426 0.013542 0.028704
11 0.006771 0.512500 0.013542 0.028704
11 0.725521 0.634722 0.013542 0.028704
11 0.970833 0.227315 0.013542 0.028704
12 0.304427 0.901852 0.014063 0.033333
12 0.384115 0.625000 0.014063 0.033333
12 0.229948 0.199074 0.014063 0.033333
13 0.604167 0.639815 0.013542 0.027778
13 0.513021 0.630556 0.013542 0.027778
13 0.818229 0.846296 0.013542 0.027778
13 0.193229 0.675000 0.013542 0.027778
13 0.835417 0.700926 0.013542 0.027778
13 0.908854 0.645370 0.013542 0.027778
13 0.593229 0.571296 0.013542 0.027778
