0 0.513802 0.593981 0.014063 0.025000
0 0.739323 0.120833 0.014063 0.025000
1 0.027604 0.609259 0.014583 0.025926
1 0.944271 0.614815 0.014583 0.025926
1 0.576562 0.384259 0.014583 0.025926
2 0.235677 0.220833 0.015104 0.026852
2 0.544010 0.805093 0.015104 0.026852
2 0.392969 0.034722 0.015104 0.026852
2 0.504427 0.687500 0.015104 0.026852
2 0.098698 0.905093 0.015104 0.026852
2 0.514323 0.436574 0.015104 0.026852
2 0.095052 0.622685 0.015104 0.026852
2 0.859635 0.949537 0.015104 0.026852
3 0.620573 0.740278 0.014063 0.025000
3 0.050260 0.872685 0.014063 0.025000
3 0.173698 0.222685 0.014063 0.025000
3 0.542448 0.957870 0.014063 0.025000
3 0.132552 0.486574 0.014063 0.025000
3 0.560156 0.342130 0.014063 0.025000
4 0.073177 0.339352 0.014063 0.025000
4 0.787240 0.375463 0.014063 0.025000
4 0.589844 0.236574 0.014063 0.025000
4 0.320573 0.407870 0.014063 0.025000
4 0.520052 0.810648 0.014063 0.025000
4 0.947656 0.858796 0.014063 0.025000
4 0.945052 0.053241 0.014063 0.025000
5 0.898958 0.646296 0.013542 0.033333
5 0.189062 0.067593 0.013542 0.033333
5 0.150521 0.025000 0.013542 0.033333
5 0.901042 0.051852 0.013542 0.033333
6 0.450260 0.218981 0.014063 0.025000
6 0.237240 0.571759 0.014063 0.025000
6 0.218490 0.094907 0.014063 0.025000
6 0.324740 0.039352 0.014063 0.025000
6 0.279427 0.902315 0.014063 0.025000
9 0.551562 0.400926 0.011458 0.027778
9 0.046354 0.653704 0.011458 0.027778
9 0.234375 0.806481 0.011458 0.027778
9 0.217708 0.290741 0.011458 0.027778
10 0.338021 0.460185 0.011458 0.027778
10 0.626563 0.598148 0.011458 0.027778
10 0.136458 0.362037 0.011458 0.027778
10 0.235417 0.070370 0.011458 0.027778
10 0.197917 0.312037 0.011458 0.027778
10 0.378646 0.384259 0.011458 0.027778
11 0.915625 0.092130 0.013542 0.028704
11 0.084896 0.761574 0.013542 0.028704
11 0.409896 0.781944 0.013542 0.028704
11 0.460417 0.444907 0.013542 0.028704
11 0.885417 0.547685 0.013542 0.028704
11 0.280208 0.857870 0.013542 0.028704
12 0.497135 0.585185 0.014063 0.033333
13 0.242708 0.269444 0.013542 0.027778
13 0.666146 0.033333 0.013542 0.027778
13 0.620313 0.878704 0.013542 0.027778
13 0.792708 0.483333 0.013542 0.027778
13 0.263542 0.525926 0.013542 0.027778
13 0.599479 0.853704 0.013542 0.027778
