0 0.807031 0.109722 0.014063 0.025000
1 0.162500 0.047222 0.014583 0.025926
1 0.758333 0.712037 0.014583 0.025926
1 0.452083 0.145370 0.014583 0.025926
1 0.025521 0.486111 0.014583 0.025926
1 0.732812 0.221296 0.014583 0.025926
1 0.276562 0.583333 0.014583 0.025926
1 0.901563 0.502778 0.014583 0.025926
1 0.824479 0.485185 0.014583 0.025926
2 0.423177 0.778241 0.015104 0.026852
2 0.101302 0.276389 0.015104 0.026852
3 0.801302 0.231944 0.014063 0.025000
3 0.395052 0.731944 0.014063 0.025000
3 0.782031 0.089352 0.014063 0.025000
3 0.158594 0.223611 0.014063 0.025000
3 0.161719 0.964352 0.014063 0.025000
4 0.962240 0.696759 0.014063 0.025000
4 0.642969 0.555093 0.014063 0.025000
4 0.284115 0.666204 0.014063 0.025000
4 0.587760 0.497685 0.014063 0.025000
4 0.554948 0.711574 0.014063 0.025000
4 0.294010 0.920833 0.014063 0.025000
4 0.370052 0.710648 0.014063 0.025000
4 0.944010 0.288426 0.014063 0.025000
6 0.169531 0.442130 0.014063 0.025000
6 0.959115 0.541204 0.014063 0.025000
6 0.039323 0.274537 0.014063 0.025000
6 0.615365 0.506944 0.014063 0.025000
6 0.266406 0.205093 0.014063 0.025000
6 0.149740 0.686574 0.014063 0.025000
6 0.077865 0.065278 0.014063 0.025000
6 0.493490 0.982870 0.014063 0.025000
6 0.350260 0.683796 0.014063 0.025000
6 0.617969 0.833796 0.014063 0.025000
7 0.880729 0.548611 0.013542 0.028704
7 0.532813 0.021759 0.013542 0.028704
7 0.961979 0.472685 0.013542 0.028704
8 0.788021 0.543056 0.012500 0.028704
8 0.181771 0.794907 0.012500 0.028704
8 0.290625 0.275463 0.012500 0.028704
9 0.668229 0.653704 0.011458 0.027778
9 0.023958 0.292593 0.011458 0.027778
9 0.397917 0.763889 0.011458 0.027778
9 0.244792 0.611111 0.011458 0.027778
9 0.760417 0.139815 0.011458 0.027778
9 0.315625 0.699074 0.011458 0.027778
9 0.391667 0.442593 0.011458 0.027778
9 0.515625 0.327778 0.011458 0.027778
10 0.962500 0.319444 0.011458 0.027778
10 0.391667 0.062963 0.011458 0.027778
10 0.048958 0.370370 0.011458 0.027778
10 0.092708 0.687963 0.011458 0.027778
10 0.458333 0.798148 0.011458 0.027778
10 0.093750 0.478704 0.011458 0.027778
10 0.252083 0.269444 0.011458 0.027778
10 0.710938 0.973148 0.011458 0.027778
10 0.970833 0.744444 0.011458 0.027778
11 0.128646 0.874537 0.013542 0.028704
11 0.343229 0.853241 0.013542 0.028704
11 0.284375 0.233796 0.013542 0.028704
11 0.834896 0.954167 0.013542 0.028704
11 0.018229 0.077315 0.013542 0.028704
11 0.182812 0.081944 0.013542 0.028704
11 0.832812 0.740278 0.013542 0.028704
12 0.674740 0.169444 0.014063 0.033333
